6.75873 0
6.75861 0.0078125

6.75861 0.0078125
6.75825 0.015625

6.75781 0.0216953
6.75769 0.0234375

6.75768 0.0234375
6.7569 0.03125

4.75 0.360657
4.75781 0.360674

4.75781 0.360676
4.76562 0.360692

4.76562 0.36069
4.77344 0.360705

6.75781 0.0216462
6.75825 0.015625

4.77344 0.360708
4.78125 0.360722

4.24921 0
4.24922 0.0078125

4.24922 0.0078125
4.24924 0.015625

4.24924 0.015625
4.24928 0.0234375

4.78125 0.360719
4.78906 0.360732

4.24929 0.0234375
4.24935 0.03125

4.78906 0.360735
4.79688 0.360748

5.75 0.360116
5.75781 0.360088

5.75781 0.360091
5.76562 0.360062

5.76562 0.360059
5.77344 0.360028

5.77344 0.360031
5.78125 0.359997

5.78125 0.359995
5.78906 0.359957

4.79688 0.360745
4.80469 0.360757

6.7569 0.03125
6.7559 0.0390625

4.80469 0.360759
4.8125 0.36077

5.78906 0.35996
5.79688 0.359918

4.8125 0.360768
4.82031 0.360778

6.7559 0.0390625
6.75469 0.046875

6.75469 0.046875
6.75325 0.0546875

5.79688 0.359916
5.80469 0.359868

6.75325 0.0546875
6.75159 0.0625

5.80469 0.359871
5.8125 0.359817

4.24935 0.03125
4.24944 0.0390625

4.82031 0.360781
4.82812 0.36079

4.24944 0.0390625
4.24956 0.046875

4.82812 0.360787
4.83594 0.360796

4.24956 0.046875
4.2497 0.0546875

6.75 0.0690928
6.75159 0.0625

5.8125 0.359814
5.82031 0.359754

4.83594 0.360799
4.84375 0.360807

4.2497 0.0546875
4.24988 0.0625

4.84375 0.360805
4.85156 0.360813

5.82031 0.359757
5.82812 0.359689

4.85156 0.360815
4.85938 0.360822

4.24988 0.0625
4.25 0.0670963

5.82812 0.359687
5.83594 0.359612

5.83594 0.359616
5.84375 0.359532

5.85938 0.359339
5.85623 0.359375

5.84375 0.359527
5.85156 0.359433

4.25 0.0667819
4.25009 0.0703125

4.25009 0.0703125
4.25033 0.078125

4.85938 0.36082
4.86719 0.360826

4.25032 0.078125
4.25059 0.0859375

4.25059 0.0859375
4.25089 0.09375

4.86719 0.360829
4.875 0.360835

4.25089 0.09375
4.25123 0.101562

4.25123 0.101562
4.25161 0.109375

5.85156 0.359434
5.85667 0.359375

5.85938 0.35933
5.86719 0.35927

4.875 0.360833
4.88281 0.360838

5.86719 0.359279
5.875 0.359256

5.875 0.359265
5.88281 0.35924

5.88281 0.359243
5.89062 0.35919

4.2516 0.109375
4.25203 0.117188

4.25203 0.117188
4.25251 0.125

4.88281 0.360841
4.89062 0.360846

4.2525 0.125
4.25305 0.132812

4.25304 0.132812
4.25366 0.140625

4.89062 0.360844
4.89844 0.360848

5.89062 0.359189
5.89844 0.359105

4.89844 0.360851
4.90625 0.360855

4.25365 0.140625
4.25435 0.148438

4.90625 0.360853
4.91406 0.360857

4.91406 0.360859
4.92188 0.360863

4.92188 0.360861
4.92969 0.360864

4.92969 0.360867
4.9375 0.36087

5.89844 0.359108
5.90625 0.358989

4.25434 0.148438
4.25513 0.15625

5.90625 0.358982
5.91406 0.358834

4.9375 0.360867
4.94531 0.36087

5.91406 0.358837
5.92188 0.358666

4.25513 0.15625
4.25603 0.164062

5.92188 0.358661
5.92969 0.358473

5.92969 0.358476
5.9375 0.358277

4.25604 0.164062
4.25706 0.171875

4.25706 0.171875
4.25781 0.177124

4.94531 0.360872
4.95312 0.360875

4.25781 0.177075
4.25819 0.179688

5.9375 0.358273
5.94531 0.358065

4.25818 0.179688
4.25942 0.1875

4.95312 0.360872
4.96094 0.360874

4.25941 0.1875
4.2608 0.195312

4.26079 0.195312
4.26235 0.203125

4.96094 0.360877
4.96875 0.360879

4.26235 0.203125
4.26409 0.210938

4.26408 0.210938
4.26562 0.217095

4.96875 0.360876
4.97656 0.360878

4.26562 0.21705
4.26605 0.21875

4.26603 0.21875
4.26826 0.226562

4.97656 0.36088
4.98438 0.360882

4.26828 0.226562
4.27077 0.234375

5.94531 0.358067
5.95312 0.357852

4.27077 0.234375
4.27344 0.241998

4.98438 0.360879
4.99219 0.36088

4.2734 0.242188
4.27344 0.242296

4.27344 0.242041
4.27349 0.242188

4.99219 0.360883
5 0.360884

5.95312 0.357849
5.96094 0.35763

5.96094 0.357632
5.96875 0.357412

4.27348 0.242188
4.27652 0.25

5 0.360881
5.00781 0.360882

5.00781 0.360885
5.01562 0.360885

5.96875 0.35741
5.97656 0.35719

5.01562 0.360882
5.02344 0.360883

5.02344 0.360885
5.03125 0.360886

5.97656 0.357191
5.98438 0.356971

4.2765 0.25
4.27993 0.257812

5.03125 0.360883
5.03906 0.360883

4.27984 0.257812
4.28125 0.260639

4.28125 0.260394
4.28385 0.265625

4.28378 0.265625
4.28818 0.273438

4.28813 0.273438
4.28906 0.274959

4.28906 0.274799
4.29319 0.28125

4.29306 0.28125
4.29688 0.286475

5.03906 0.360886
5.04688 0.360886

5.98438 0.356969
5.99219 0.356749

5.99219 0.356751
6 0.356532

4.29688 0.286257
4.29893 0.289062

6 0.356531
6.00781 0.356312

6.00781 0.356314
6.01562 0.356095

6.01562 0.356094
6.02344 0.355874

5.04688 0.360883
5.05469 0.360883

4.29879 0.289062
4.30469 0.295995

5.05469 0.360885
5.0625 0.360885

5.0625 0.360882
5.07031 0.360882

4.30469 0.29598
4.30549 0.296875

6.02344 0.355875
6.03125 0.355655

4.30467 0.296875
4.30469 0.296895

5.07031 0.360884
5.07812 0.360884

4.30544 0.296875
4.3125 0.304048

6.03125 0.355655
6.03906 0.355432

6.03906 0.355433
6.04688 0.355207

6.04688 0.355206
6.05469 0.354976

4.3125 0.303946
4.3133 0.304688

4.31326 0.304688
4.32031 0.310919

5.07812 0.360881
5.08594 0.36088

4.32031 0.310826
4.32245 0.3125

6.05469 0.354976
6.0625 0.354741

4.32233 0.3125
4.32812 0.316947

4.32812 0.316835
4.33335 0.320312

6.0625 0.354741
6.07031 0.354499

4.33309 0.320312
4.33594 0.322163

5.08594 0.360883
5.09375 0.360882

4.33594 0.322071
4.34375 0.326559

6.07031 0.3545
6.07812 0.354251

4.34375 0.326485
4.34708 0.328125

4.34691 0.328125
4.35156 0.330421

6.07812 0.354251
6.08594 0.353994

6.08594 0.353995
6.09375 0.353729

5.09375 0.360879
5.10156 0.360878

4.35156 0.33036
4.35938 0.333683

6.09375 0.35373
6.10156 0.353454

4.35938 0.333635
4.36552 0.335938

4.36542 0.335938
4.36719 0.3366

6.10156 0.353454
6.10938 0.353166

6.10938 0.353167
6.11719 0.352866

5.10156 0.360881
5.10938 0.36088

6.11719 0.352867
6.125 0.352552

6.125 0.352553
6.13281 0.352223

5.10938 0.360877
5.11719 0.360876

6.13281 0.352222
6.14062 0.35188

6.14844 0.351534
6.1478 0.351562

5.11719 0.360878
5.125 0.360877

4.36719 0.336559
4.375 0.339196

5.125 0.360874
5.13281 0.360873

4.375 0.33921
4.38281 0.341552

4.38281 0.341542
4.39062 0.343581

6.14062 0.35188
6.14764 0.351562

4.39062 0.343565
4.39143 0.34375

4.39145 0.34375
4.39844 0.345358

6.14844 0.35153
6.15625 0.351159

4.39844 0.34536
4.40625 0.346952

4.40625 0.346937
4.41406 0.348348

6.15625 0.35116
6.16406 0.35076

4.41406 0.348339
4.42188 0.349615

5.13281 0.360875
5.14062 0.360874

4.42188 0.349605
4.42969 0.350783

6.16406 0.350759
6.17188 0.350331

4.42969 0.350778
4.43526 0.351562

4.43514 0.351562
4.4375 0.351895

6.17188 0.35033
6.17969 0.349878

6.17969 0.349877
6.1875 0.349403

5.14062 0.360871
5.14844 0.360869

6.1875 0.349402
6.19531 0.348911

6.19531 0.348911
6.20312 0.348403

5.14844 0.360872
5.15625 0.36087

4.4375 0.351885
4.44531 0.352903

6.20312 0.348402
6.21094 0.347878

4.44531 0.352905
4.45312 0.353833

4.45312 0.353832
4.46094 0.354669

6.21094 0.347879
6.21875 0.347338

6.21875 0.347336
6.22656 0.346779

5.15625 0.360868
5.16406 0.360866

6.22656 0.346781
6.23438 0.346205

6.23438 0.346203
6.24219 0.34561

5.16406 0.360868
5.17188 0.360866

5.17188 0.360864
5.17969 0.360861

4.46094 0.354668
4.46875 0.355417

6.24219 0.345614
6.25 0.345002

4.46875 0.355411
4.47656 0.356088

6.26562 0.343721
6.26527 0.34375

6.26562 0.343714
6.27344 0.343033

5.17969 0.360864
5.1875 0.360862

6.27344 0.343035
6.28125 0.342319

4.47656 0.356087
4.48438 0.356704

6.25 0.345
6.25781 0.344366

6.25781 0.344366
6.26516 0.34375

4.48438 0.356703
4.49219 0.357265

4.49219 0.357268
4.5 0.357773

5.1875 0.360859
5.19531 0.360857

5.19531 0.36086
5.20312 0.360857

5.20312 0.360854
5.21094 0.360852

6.28125 0.342317
6.28906 0.341568

4.5 0.357777
4.50781 0.358211

5.21094 0.360854
5.21875 0.360852

4.50781 0.358212
4.51562 0.358565

4.51562 0.358557
4.52344 0.358844

6.28906 0.34157
6.29688 0.340787

6.29688 0.340786
6.30469 0.339966

5.21875 0.360849
5.22656 0.360846

6.30469 0.339968
6.3125 0.339109

6.3125 0.339109
6.32031 0.338206

5.22656 0.360849
5.23438 0.360846

4.52344 0.358847
4.53125 0.359077

6.32031 0.338207
6.32812 0.337259

4.53125 0.359065
4.53906 0.359254

4.53906 0.359258
4.54459 0.359375

6.32812 0.337257
6.33594 0.336269

5.23438 0.360844
5.24219 0.360841

6.34375 0.335245
6.33849 0.335938

6.33594 0.336266
6.33843 0.335938

5.24219 0.360843
5.25 0.36084

5.25 0.360837
5.25781 0.360834

5.25781 0.360837
5.26562 0.360833

5.26562 0.360831
5.27344 0.360827

5.27344 0.36083
5.28125 0.360826

6.34375 0.335242
6.35156 0.334172

6.35156 0.334171
6.35938 0.333062

6.35938 0.333062
6.36719 0.331918

6.36719 0.331921
6.375 0.330737

6.375 0.330735
6.38281 0.329509

6.38281 0.329509
6.39062 0.328242

6.39844 0.326923
6.39137 0.328125

6.39844 0.326924
6.40625 0.325513

6.39062 0.328251
6.39136 0.328125

6.40625 0.325517
6.41406 0.324016

6.41406 0.324017
6.42188 0.322417

6.42188 0.322414
6.42969 0.320716

6.4375 0.318928
6.43146 0.320312

6.42969 0.320712
6.43143 0.320312

6.46875 0.310977
6.46306 0.3125

6.46875 0.310978
6.47656 0.308789

6.47656 0.308786
6.48438 0.306491

6.49219 0.304144
6.49041 0.304688

6.48438 0.306473
6.49023 0.304688

6.49219 0.304103
6.5 0.301643

6.4375 0.318922
6.44531 0.317042

6.44531 0.31704
6.45312 0.315081

6.45312 0.315077
6.46094 0.313055

6.46094 0.313047
6.46298 0.3125

6.61719 0.247198
6.61283 0.25

6.625 0.242084
6.62485 0.242188

6.61719 0.247159
6.62454 0.242188

6.75 0.0692053
6.74973 0.0703125

6.74972 0.0703125
6.74759 0.078125

6.7476 0.078125
6.74519 0.0859375

6.74517 0.0859375
6.74249 0.09375

6.73438 0.114034
6.73298 0.117188

6.73299 0.117188
6.72922 0.125

6.74219 0.0945654
6.73959 0.101562

6.73961 0.101562
6.73643 0.109375

6.74219 0.0945353
6.74248 0.09375

6.73438 0.113956
6.7364 0.109375

6.6875 0.1867
6.6868 0.1875

6.65625 0.217826
6.65517 0.21875

6.64062 0.230483
6.63545 0.234375

6.625 0.241887
6.63281 0.236322

6.63281 0.236253
6.63539 0.234375

6.64844 0.224347
6.64564 0.226562

6.64062 0.230409
6.64549 0.226562

6.64844 0.224238
6.65494 0.21875

6.66406 0.210876
6.664 0.210938

6.65625 0.217679
6.66376 0.210938

6.66406 0.210694
6.67188 0.203213

6.67959 0.195312
6.67197 0.203125

6.67969 0.195192
6.68669 0.1875

6.67188 0.203206
6.67196 0.203125

6.71094 0.156189
6.7109 0.15625

6.71875 0.143795
6.7159 0.148438

6.71094 0.156005
6.71588 0.148438

6.70312 0.167077
6.69955 0.171875

6.69531 0.177276
6.69339 0.179688

6.6875 0.186528
6.69332 0.179688

6.69531 0.177158
6.6995 0.171875

6.71079 0.15625
6.70534 0.164062

6.70312 0.16704
6.70529 0.164062

6.72656 0.13011
6.72515 0.132812

6.72513 0.132812
6.72069 0.140625

6.72656 0.130016
6.72919 0.125

6.71875 0.143715
6.72064 0.140625

6.51562 0.296523
6.51458 0.296875

6.5 0.301646
6.50781 0.299101

6.50781 0.299095
6.51438 0.296875

6.51562 0.296478
6.52344 0.293699

6.52344 0.293697
6.53125 0.290756

6.55469 0.281112
6.55437 0.28125

6.55469 0.281027
6.5625 0.27748

6.53906 0.287681
6.53558 0.289062

6.53125 0.290735
6.53546 0.289062

6.53906 0.287653
6.54688 0.2844

6.54688 0.284388
6.55411 0.28125

6.5625 0.277476
6.57031 0.273738

6.57812 0.269821
6.57091 0.273438

6.57031 0.273731
6.5709 0.273438

6.59375 0.2615
6.5862 0.265625

6.57812 0.269813
6.58594 0.265741

6.58594 0.265763
6.58619 0.265625

6.60156 0.257085
6.60031 0.257812

6.59375 0.261479
6.60008 0.257812

6.60156 0.256971
6.60938 0.252189

6.60938 0.252137
6.6127 0.25

4.54463 0.359375
4.54688 0.359422

4.54688 0.359423
4.55469 0.359558

5.28125 0.360824
5.28906 0.36082

5.28906 0.360823
5.29688 0.360819

5.29688 0.360816
5.30469 0.360812

5.30469 0.360815
5.3125 0.36081

5.3125 0.360808
5.32031 0.360803

5.32031 0.360806
5.32812 0.360802

5.32812 0.360799
5.33594 0.360794

5.33594 0.360797
5.34375 0.360792

5.34375 0.36079
5.35156 0.360785

5.35156 0.360787
5.35938 0.360782

5.35938 0.360779
5.36719 0.360774

5.36719 0.360777
5.375 0.360771

4.55469 0.359557
4.5625 0.359666

4.5625 0.35966
4.57031 0.359755

4.57031 0.359759
4.57812 0.359842

4.57812 0.359839
4.58594 0.359913

5.375 0.360769
5.38281 0.360763

5.38281 0.360766
5.39062 0.36076

5.39062 0.360757
5.39844 0.360751

4.58594 0.359915
4.59375 0.359982

4.59375 0.359978
4.60156 0.360039

4.60156 0.360042
4.60938 0.360097

4.60938 0.360094
4.61719 0.360145

5.39844 0.360754
5.40625 0.360747

5.40625 0.360745
5.41406 0.360738

5.41406 0.360741
5.42188 0.360734

4.61719 0.360148
4.625 0.360195

4.625 0.360192
4.63281 0.360236

5.42188 0.360732
5.42969 0.360725

5.42969 0.360727
5.4375 0.36072

5.4375 0.360718
5.44531 0.36071

5.44531 0.360713
5.45312 0.360705

5.45312 0.360703
5.46094 0.360695

5.46094 0.360698
5.46875 0.360689

4.63281 0.360239
4.64062 0.36028

4.64062 0.360277
4.64844 0.360316

5.46875 0.360687
5.47656 0.360678

5.47656 0.360681
5.48438 0.360672

5.48438 0.360669
5.49219 0.36066

5.49219 0.360663
5.5 0.360653

4.64844 0.360319
4.65625 0.360355

5.5 0.360651
5.50781 0.360641

4.65625 0.360352
4.66406 0.360386

4.66406 0.360389
4.67188 0.360421

5.50781 0.360644
5.51562 0.360634

5.51562 0.360631
5.52344 0.36062

5.52344 0.360623
5.53125 0.360612

4.67188 0.360418
4.67969 0.360449

4.67969 0.360452
4.6875 0.36048

5.53125 0.36061
5.53906 0.360599

5.53906 0.360601
5.54688 0.36059

5.54688 0.360587
5.55469 0.360576

5.55469 0.360579
5.5625 0.360567

5.5625 0.360564
5.57031 0.360553

5.57031 0.360555
5.57812 0.360543

5.57812 0.360541
5.58594 0.360528

5.58594 0.360531
5.59375 0.360519

4.6875 0.360478
4.69531 0.360505

4.69531 0.360507
4.70312 0.360533

4.70312 0.36053
4.71094 0.360555

4.71094 0.360557
4.71875 0.36058

5.59375 0.360516
5.60156 0.360503

5.60156 0.360506
5.60938 0.360493

5.60938 0.36049
5.61719 0.360477

5.61719 0.36048
5.625 0.360466

4.71875 0.360577
4.72656 0.360599

4.72656 0.360602
4.73438 0.360622

4.73438 0.360619
4.74219 0.360639

4.74219 0.360641
4.75 0.360659

5.625 0.360463
5.63281 0.360448

5.63281 0.360451
5.64062 0.360436

5.64062 0.360433
5.64844 0.360417

5.64844 0.36042
5.65625 0.360402

5.65625 0.3604
5.66406 0.360381

5.66406 0.360384
5.67188 0.360365

5.67188 0.360362
5.67969 0.360341

5.67969 0.360344
5.6875 0.360322

5.6875 0.36032
5.69531 0.360297

5.69531 0.3603
5.70312 0.360276

5.70312 0.360273
5.71094 0.360248

5.71094 0.360251
5.71875 0.360225

5.71875 0.360222
5.72656 0.360196

5.72656 0.360199
5.73438 0.360173

5.73438 0.36017
5.74219 0.360143

5.74219 0.360146
5.75 0.360119

