6.89062 0.228938
6.88352 0.234375

6.875 0.240558
6.88281 0.234879

6.88281 0.234889
6.8835 0.234375

6.89844 0.222612
6.89357 0.226562

6.89062 0.228859
6.89352 0.226562

6.89844 0.22249
6.90288 0.21875

4.89844 0.36203
4.90625 0.362074

4.90625 0.362072
4.91406 0.362113

4.91406 0.362115
4.92188 0.362153

4.52863 0
4.52863 0.0078125

5.875 0.361865
5.88281 0.361839

5.88281 0.361841
5.89062 0.361815

4.92188 0.362151
4.92969 0.362185

5.89062 0.361813
5.89844 0.361786

4.52863 0.0078125
4.52862 0.015625

5.89844 0.361788
5.90625 0.36176

4.52862 0.015625
4.52862 0.0234375

5.90625 0.361758
5.91406 0.361729

6.92188 0.201105
6.91987 0.203125

4.52862 0.0234375
4.52863 0.03125

4.92969 0.362187
4.9375 0.362219

4.52863 0.03125
4.52865 0.0390625

4.9375 0.362217
4.94531 0.362247

4.52865 0.0390625
4.52867 0.046875

4.94531 0.362249
4.95312 0.362276

4.52867 0.046875
4.52871 0.0546875

4.52871 0.0546875
4.52876 0.0625

4.52876 0.0625
4.52882 0.0703125

5.91406 0.361732
5.92188 0.361702

4.95312 0.362274
4.96094 0.362299

5.92188 0.3617
5.92969 0.36167

4.96094 0.362301
4.96875 0.362324

4.52882 0.0703125
4.52891 0.078125

6.91406 0.208766
6.91174 0.210938

4.52891 0.078125
4.52901 0.0859375

4.52901 0.0859375
4.52914 0.09375

4.96875 0.362322
4.97656 0.362343

4.52914 0.09375
4.5293 0.101562

4.97656 0.362345
4.98438 0.362364

5.92969 0.361672
5.9375 0.361641

5.9375 0.361639
5.94531 0.361607

4.5293 0.101562
4.5295 0.109375

5.94531 0.361609
5.95312 0.361577

4.98438 0.362362
4.99219 0.36238

5.95312 0.361574
5.96094 0.36154

4.99219 0.362382
5 0.362398

6.90625 0.215783
6.91162 0.210938

4.52949 0.109375
4.52973 0.117188

5 0.362396
5.00781 0.362411

4.52973 0.117188
4.53001 0.125

5.96094 0.361543
5.96875 0.361508

4.53 0.125
4.53033 0.132812

5.96875 0.361505
5.97656 0.361469

6.91406 0.208641
6.91977 0.203125

6.92969 0.19286
6.92743 0.195312

6.92188 0.201012
6.92732 0.195312

6.92969 0.192778
6.93438 0.1875

6.96875 0.139922
6.96836 0.140625

5.97656 0.361472
5.98438 0.361434

5.00781 0.362413
5.01562 0.362427

5.98438 0.361432
5.99219 0.361393

5.01562 0.362425
5.02344 0.362437

6.96094 0.152409
6.95843 0.15625

4.53033 0.132812
4.53072 0.140625

6.9683 0.140625
6.96355 0.148438

4.53072 0.140625
4.53117 0.148438

5.02344 0.362439
5.03125 0.362451

4.53117 0.148438
4.53125 0.149693

5.99219 0.361395
6 0.361355

4.53125 0.149564
4.53169 0.15625

5.03125 0.362449
5.03906 0.362459

5.03906 0.362461
5.04688 0.362471

5.04688 0.362469
5.05469 0.362478

5.05469 0.36248
5.0625 0.362488

5.0625 0.362486
5.07031 0.362493

5.07031 0.362495
5.07812 0.362502

5.07812 0.3625
5.08594 0.362506

5.08594 0.362508
5.09375 0.362513

5.09375 0.362511
5.10156 0.362516

5.10156 0.362518
5.10938 0.362522

5.10938 0.362521
5.11719 0.362525

5.11719 0.362526
5.125 0.36253

5.125 0.362528
5.13281 0.362531

5.13281 0.362533
5.14062 0.362536

5.14062 0.362534
5.14844 0.362537

5.14844 0.362539
5.15625 0.362541

6.96094 0.152327
6.96348 0.148438

6.95306 0.164062
6.94728 0.171875

4.53169 0.15625
4.53227 0.164062

6.94531 0.174347
6.94107 0.179688

6.9375 0.183912
6.94098 0.179688

4.53227 0.164062
4.53294 0.171875

5.15625 0.362539
5.16406 0.362541

5.16406 0.362543
5.17188 0.362544

4.53294 0.171875
4.5337 0.179688

4.53369 0.179688
4.53456 0.1875

6.94531 0.174331
6.94721 0.171875

4.53455 0.1875
4.53556 0.195312

6.95312 0.163897
6.9584 0.15625

5.17188 0.362543
5.17969 0.362544

6.97656 0.125299
6.97264 0.132812

6.96875 0.139745
6.97264 0.132812

5.17969 0.362546
5.1875 0.362547

6.97656 0.125295
6.97672 0.125

5.1875 0.362545
5.19531 0.362546

6.76562 0.296177
6.76359 0.296875

5.19531 0.362548
5.20312 0.362549

6.75 0.301384
6.75781 0.298798

6 0.361352
6.00781 0.36131

6.00781 0.361313
6.01562 0.361269

5.20312 0.362547
5.21094 0.362547

6.01562 0.361266
6.02344 0.36122

5.21094 0.362549
5.21875 0.36255

4.53556 0.195312
4.53672 0.203125

5.21875 0.362548
5.22656 0.362548

5.22656 0.36255
5.23438 0.36255

6.02344 0.361223
6.03125 0.361175

6.75781 0.298784
6.76338 0.296875

4.53672 0.203125
4.53805 0.210938

6.76562 0.296142
6.77344 0.293321

6.77344 0.293318
6.78125 0.290327

6.80469 0.280513
6.80301 0.28125

5.23438 0.362548
5.24219 0.362548

4.53805 0.210938
4.53906 0.216291

5.24219 0.36255
5.25 0.362549

6.80469 0.280446
6.8125 0.27684

6.03125 0.361172
6.03906 0.361122

4.53906 0.216237
4.53954 0.21875

5.25 0.362548
5.25781 0.362547

6.78906 0.287187
6.78442 0.289062

6.03906 0.361125
6.04688 0.361073

4.53952 0.21875
4.5412 0.226562

5.25781 0.362549
5.26562 0.362548

6.78125 0.290303
6.78432 0.289062

6.04688 0.36107
6.05469 0.361015

4.54119 0.226562
4.54312 0.234375

5.26562 0.362546
5.27344 0.362546

6.78906 0.287166
6.79688 0.283862

6.05469 0.361018
6.0625 0.360961

4.54311 0.234375
4.54533 0.242188

5.27344 0.362548
5.28125 0.362547

6.79688 0.283831
6.80274 0.28125

6.0625 0.360958
6.07031 0.360899

4.54531 0.242188
4.54688 0.246988

5.28125 0.362545
5.28906 0.362544

6.82031 0.273127
6.81968 0.273438

6.07031 0.360902
6.07812 0.36084

4.54688 0.24691
4.54788 0.25

5.28906 0.362546
5.29688 0.362545

4.54786 0.25
4.55079 0.257812

6.07812 0.360838
6.08594 0.360774

6.8125 0.276823
6.81945 0.273438

5.29688 0.362543
5.30469 0.362542

4.55081 0.257812
4.55411 0.265625

6.08594 0.360777
6.09375 0.360711

6.82031 0.273019
6.82812 0.269035

5.30469 0.362543
5.3125 0.362542

4.554 0.265625
4.55469 0.267077

6.09375 0.360708
6.10156 0.360639

6.83594 0.265013
6.83478 0.265625

5.3125 0.36254
5.32031 0.362539

4.55469 0.266871
4.55778 0.273438

6.10156 0.360642
6.10938 0.360571

6.83594 0.26492
6.84375 0.260583

5.32031 0.362541
5.32812 0.362539

4.55767 0.273438
4.56196 0.28125

6.10938 0.360568
6.11719 0.360493

6.82812 0.269007
6.83451 0.265625

5.32812 0.362537
5.33594 0.362535

4.56182 0.28125
4.5625 0.282368

6.11719 0.360496
6.125 0.360417

4.5625 0.281992
4.56702 0.289062

6.125 0.360414
6.13281 0.360329

6.85156 0.256057
6.84858 0.257812

5.33594 0.362537
5.34375 0.362535

4.56695 0.289062
4.57031 0.293702

6.13281 0.360332
6.14062 0.360241

6.84375 0.260539
6.84839 0.257812

5.34375 0.362534
5.35156 0.362532

4.57031 0.293637
4.57267 0.296875

6.14062 0.360238
6.14844 0.360139

6.85156 0.255996
6.85938 0.251139

5.35156 0.362533
5.35938 0.362531

4.57256 0.296875
4.57812 0.303362

6.14844 0.360142
6.15625 0.360033

6.85938 0.2511
6.86108 0.25

5.35938 0.362529
5.36719 0.362527

7.00595 0
7.00583 0.0078125

6.15625 0.360031
6.16406 0.359912

4.57812 0.30323
4.57946 0.304688

5.36719 0.362529
5.375 0.362527

7.00583 0.0078125
7.00549 0.015625

5.375 0.362525
5.38281 0.362523

4.57939 0.304688
4.58594 0.311194

6.16406 0.359915
6.17188 0.359785

7.00549 0.015625
7.00495 0.0234375

5.38281 0.362524
5.39062 0.362522

4.58594 0.311145
4.58744 0.3125

6.17188 0.359781
6.17969 0.35964

4.58734 0.3125
4.59375 0.317952

5.39062 0.36252
5.39844 0.362517

7.00495 0.0234375
7.0042 0.03125

6.17969 0.359643
6.1875 0.359491

4.59375 0.317762
4.59725 0.320312

5.39844 0.362519
5.40625 0.362516

7.0042 0.03125
7.00324 0.0390625

6.19531 0.359325
6.19297 0.359375

4.59701 0.320312
4.60156 0.323603

5.40625 0.362515
5.41406 0.362512

7.00324 0.0390625
7.00205 0.046875

6.19531 0.359323
6.20312 0.359142

4.60156 0.323542
4.60881 0.328125

5.41406 0.362513
5.42188 0.36251

7.00204 0.046875
7.00064 0.0546875

6.1875 0.359491
6.1929 0.359375

4.60848 0.328125
4.60938 0.328658

5.42188 0.362508
5.42969 0.362505

7 0.0578212
7.00065 0.0546875

6.20312 0.359129
6.21094 0.358961

4.60938 0.328502
4.61719 0.332671

5.42969 0.362507
5.4375 0.362504

4.61719 0.332583
4.62454 0.335938

6.21094 0.358971
6.21875 0.358821

4.62441 0.335938
4.625 0.336205

4.625 0.336131
4.63281 0.339293

4.63281 0.339288
4.64062 0.342098

5.4375 0.362502
5.44531 0.362498

5.44531 0.3625
5.45312 0.362497

6.21875 0.358827
6.22656 0.358663

5.45312 0.362495
5.46094 0.362491

4.64062 0.342078
4.64591 0.34375

4.64573 0.34375
4.64844 0.344606

5.46094 0.362493
5.46875 0.362489

6.22656 0.358665
6.23438 0.35847

5.46875 0.362487
5.47656 0.362483

4.64844 0.344563
4.65625 0.346721

6.23438 0.358466
6.24219 0.358243

4.65625 0.346711
4.66406 0.348585

5.47656 0.362485
5.48438 0.362481

4.66406 0.348562
4.67188 0.350219

4.67188 0.350205
4.67889 0.351562

5.48438 0.362479
5.49219 0.362474

5.49219 0.362476
5.5 0.362472

6.24219 0.358245
6.25 0.357997

5.5 0.36247
5.50781 0.362465

5.50781 0.362467
5.51562 0.362462

5.51562 0.36246
5.52344 0.362455

5.52344 0.362457
5.53125 0.362451

6.25 0.357991
6.25781 0.357726

5.53125 0.362449
5.53906 0.362444

4.6788 0.351562
4.67969 0.351734

6.25781 0.357728
6.26562 0.357456

4.67969 0.351726
4.6875 0.353107

5.53906 0.362446
5.54688 0.36244

4.6875 0.353107
4.69531 0.354344

6.26562 0.357452
6.27344 0.357176

5.54688 0.362438
5.55469 0.362432

6.27344 0.357178
6.28125 0.356901

4.69531 0.354346
4.70312 0.355434

5.55469 0.362434
5.5625 0.362428

4.70312 0.355427
4.71094 0.356379

6.28125 0.3569
6.28906 0.356623

4.71094 0.356377
4.71875 0.357208

5.5625 0.362426
5.57031 0.362419

6.28906 0.356624
6.29688 0.356347

4.71875 0.357207
4.72656 0.357922

5.57031 0.362421
5.57812 0.362415

4.72656 0.357923
4.73438 0.358525

6.29688 0.356346
6.30469 0.356069

4.73438 0.358519
4.74219 0.359017

4.74219 0.359011
4.74897 0.359375

4.749 0.359375
4.75 0.359429

4.75 0.359429
4.75781 0.359785

4.75781 0.359785
4.76562 0.360082

6.30469 0.35607
6.3125 0.355793

6.3125 0.355793
6.32031 0.355514

5.57812 0.362413
5.58594 0.362406

6.32031 0.355516
6.32812 0.355234

4.76562 0.360075
4.77344 0.36033

5.58594 0.362408
5.59375 0.3624

4.77344 0.360333
4.78125 0.360553

6.32812 0.355233
6.33594 0.354946

4.78125 0.360548
4.78906 0.360738

5.59375 0.362398
5.60156 0.362391

4.78906 0.360741
4.79688 0.360907

4.79688 0.360903
4.80469 0.36105

5.60156 0.362393
5.60938 0.362385

4.80469 0.361052
4.8125 0.361183

6.33594 0.354947
6.34375 0.354655

4.8125 0.361179
4.82031 0.361297

5.60938 0.362383
5.61719 0.362375

6.34375 0.354655
6.35156 0.354356

5.61719 0.362377
5.625 0.362369

4.82031 0.361299
4.82812 0.361405

5.625 0.362367
5.63281 0.362358

5.63281 0.36236
5.64062 0.362351

5.64062 0.362349
5.64844 0.36234

5.64844 0.362341
5.65625 0.362332

5.65625 0.36233
5.66406 0.36232

4.82812 0.361402
4.83594 0.361498

6.35156 0.354357
6.35938 0.354051

4.83594 0.361501
4.84375 0.361589

4.84375 0.361586
4.85156 0.361666

4.85156 0.361669
4.85938 0.361743

4.85938 0.36174
4.86719 0.361808

5.66406 0.362322
5.67188 0.362311

4.86719 0.36181
4.875 0.361872

4.875 0.36187
4.88281 0.361927

4.88281 0.361929
4.89062 0.361982

4.89062 0.361979
4.89844 0.362028

5.67188 0.362309
5.67969 0.362298

5.67969 0.3623
5.6875 0.362289

6.35938 0.354051
6.36719 0.353734

6.36719 0.353735
6.375 0.353408

6.375 0.353408
6.38281 0.353068

6.38281 0.353069
6.39062 0.352714

6.39062 0.352714
6.39844 0.352343

6.39844 0.352342
6.40625 0.351957

6.40625 0.351957
6.41403 0.351562

6.42188 0.351149
6.41412 0.351562

6.41406 0.351567
6.41414 0.351562

6.42188 0.35115
6.42969 0.350702

6.42969 0.350701
6.4375 0.350223

6.4375 0.350222
6.44531 0.349717

6.44531 0.349717
6.45312 0.34919

6.45312 0.349188
6.46094 0.348643

6.46094 0.348643
6.46875 0.34808

6.46875 0.34808
6.47656 0.347497

6.47656 0.347499
6.48438 0.346894

6.48438 0.346893
6.49219 0.346264

6.49219 0.346267
6.5 0.34561

5.6875 0.362287
5.69531 0.362276

5.69531 0.362277
5.70312 0.362265

6.52344 0.343532
6.52104 0.34375

6.52344 0.343529
6.53125 0.342794

6.5 0.345605
6.50781 0.344926

6.50781 0.344927
6.51562 0.344235

6.51562 0.344232
6.52093 0.34375

6.53125 0.342795
6.53906 0.342024

6.53906 0.342025
6.54688 0.341214

6.54688 0.341211
6.55469 0.340363

6.55469 0.340365
6.5625 0.339482

6.5625 0.339482
6.57031 0.338559

6.57031 0.338561
6.57812 0.337594

6.57812 0.337591
6.58594 0.336584

6.59375 0.335553
6.59087 0.335938

6.58594 0.336578
6.59074 0.335938

6.59375 0.335545
6.60156 0.334463

6.60156 0.334462
6.60938 0.333338

6.60938 0.333338
6.61719 0.332176

6.61719 0.33218
6.625 0.330972

6.625 0.330969
6.63281 0.329715

6.63281 0.329714
6.64062 0.328422

6.64844 0.327086
6.64242 0.328125

6.64844 0.327088
6.65625 0.325653

6.64062 0.328426
6.64237 0.328125

6.65625 0.325654
6.66406 0.324122

6.66406 0.324124
6.67188 0.322489

6.67188 0.322484
6.67969 0.320755

6.6875 0.318942
6.68161 0.320312

6.67969 0.320749
6.68157 0.320312

6.71875 0.310873
6.71275 0.3125

6.71875 0.310876
6.72656 0.308654

6.72656 0.30865
6.73438 0.306315

6.74219 0.303921
6.73972 0.304688

6.73438 0.306289
6.73954 0.304688

6.74219 0.303885
6.75 0.301383

6.6875 0.318938
6.69531 0.317029

6.69531 0.317026
6.70312 0.315035

6.70312 0.315027
6.71094 0.312976

6.71094 0.312973
6.71268 0.3125

5.70312 0.362263
5.71094 0.362251

5.71094 0.362253
5.71875 0.36224

5.71875 0.362238
5.72656 0.362225

5.72656 0.362227
5.73438 0.362213

6.86719 0.246012
6.86113 0.25

6.875 0.240693
6.87283 0.242188

6.86719 0.245949
6.8726 0.242188

5.73438 0.362211
5.74219 0.362196

7 0.0578623
6.99904 0.0625

6.99906 0.0625
6.99718 0.0703125

5.74219 0.362198
5.75 0.362184

6.99717 0.0703125
6.99501 0.078125

6.99219 0.0870786
6.98994 0.09375

6.99499 0.078125
6.99257 0.0859375

6.99219 0.0870513
6.99256 0.0859375

6.98438 0.108402
6.98398 0.109375

6.98396 0.109375
6.98051 0.117188

6.98049 0.117188
6.97672 0.125

6.98996 0.09375
6.98709 0.101562

6.98438 0.108275
6.98708 0.101562

6.9375 0.183967
6.93451 0.1875

6.90625 0.215937
6.90299 0.21875

5.75 0.362182
5.75781 0.362166

5.75781 0.362168
5.76562 0.362152

5.76562 0.36215
5.77344 0.362134

5.77344 0.362136
5.78125 0.362119

5.78125 0.362117
5.78906 0.3621

5.78906 0.362102
5.79688 0.362084

5.79688 0.362082
5.80469 0.362063

5.80469 0.362065
5.8125 0.362046

5.8125 0.362044
5.82031 0.362024

5.82031 0.362026
5.82812 0.362005

5.82812 0.362003
5.83594 0.361982

5.83594 0.361984
5.84375 0.361962

5.84375 0.36196
5.85156 0.361937

5.85156 0.361939
5.85938 0.361916

5.85938 0.361914
5.86719 0.361889

5.86719 0.361892
5.875 0.361867

