4.88281 0.361998
4.89062 0.362061

4.89062 0.362059
4.89844 0.362118

4.89844 0.36212
4.90625 0.362173

4.90625 0.362171
4.91406 0.36222

5.875 0.362069
5.88281 0.362044

5.88281 0.362046
5.89062 0.36202

4.55082 0
4.55082 0.0078125

4.91406 0.362222
4.92188 0.362267

4.55082 0.0078125
4.55082 0.015625

4.92188 0.362265
4.92969 0.362307

4.55082 0.015625
4.55083 0.0234375

5.89062 0.362018
5.89844 0.361991

4.55083 0.0234375
4.55084 0.03125

5.89844 0.361993
5.90625 0.361966

6.95989 0.179688
6.95327 0.1875

6.96094 0.17832
6.96605 0.171875

4.55084 0.03125
4.55086 0.0390625

4.55086 0.0390625
4.55089 0.046875

4.55089 0.046875
4.55093 0.0546875

4.55093 0.0546875
4.55097 0.0625

4.92969 0.362309
4.9375 0.362347

4.9375 0.362345
4.94531 0.362379

4.94531 0.362381
4.95312 0.362413

4.95312 0.362411
4.96094 0.36244

5.90625 0.361964
5.91406 0.361935

4.55097 0.0625
4.55103 0.0703125

6.98438 0.145068
6.98235 0.148438

4.96094 0.362442
4.96875 0.362469

6.98235 0.148438
6.97731 0.15625

4.55103 0.0703125
4.5511 0.078125

4.96875 0.362467
4.97656 0.362492

5.91406 0.361937
5.92188 0.361908

4.5511 0.078125
4.5512 0.0859375

4.97656 0.362494
4.98438 0.362516

4.5512 0.0859375
4.55131 0.09375

5.92188 0.361906
5.92969 0.361876

4.55131 0.09375
4.55145 0.101562

5.92969 0.361878
5.9375 0.361847

5.9375 0.361845
5.94531 0.361813

5.94531 0.361816
5.95312 0.361783

4.55145 0.101562
4.55162 0.109375

4.55162 0.109375
4.55182 0.117188

4.55182 0.117188
4.55206 0.125

4.55205 0.125
4.55234 0.132812

4.98438 0.362514
4.99219 0.362535

4.99219 0.362537
5 0.362555

6.99219 0.131339
6.99143 0.132812

6.99139 0.132812
6.98703 0.140625

4.55233 0.132812
4.55266 0.140625

6.99219 0.131204
6.99539 0.125

5 0.362553
5.00781 0.362571

5.95312 0.361781
5.96094 0.361747

5.00781 0.362572
5.01562 0.362588

4.55266 0.140625
4.55305 0.148438

5.01562 0.362586
5.02344 0.362601

4.55305 0.148438
4.55351 0.15625

4.55351 0.15625
4.55407 0.164062

4.55407 0.164062
4.55469 0.171463

4.55469 0.171438
4.55472 0.171875

5.02344 0.362602
5.03125 0.362616

6.98438 0.144985
6.98699 0.140625

5.96094 0.36175
5.96875 0.361716

6.97656 0.157313
6.97187 0.164062

5.03125 0.362614
5.03906 0.362626

5.96875 0.361713
5.97656 0.361678

5.03906 0.362627
5.04688 0.362638

5.97656 0.361681
5.98438 0.361645

5.04688 0.362636
5.05469 0.362646

5.05469 0.362648
5.0625 0.362657

6.96875 0.168236
6.97183 0.164062

5.0625 0.362655
5.07031 0.362664

6.97656 0.15731
6.97727 0.15625

4.55472 0.171875
4.55547 0.179688

6.94531 0.196208
6.93859 0.203125

4.55547 0.179688
4.55632 0.1875

5.07031 0.362665
5.07812 0.362673

5.07812 0.362671
5.08594 0.362678

6.95312 0.187671
6.94618 0.195312

6.94531 0.19619
6.94614 0.195312

4.55632 0.1875
4.55729 0.195312

4.55729 0.195312
4.5584 0.203125

5.98438 0.361642
5.99219 0.361605

4.55839 0.203125
4.55966 0.210938

4.55966 0.210938
4.56111 0.21875

6.9375 0.204172
6.93856 0.203125

6.95312 0.187648
6.95326 0.1875

5.08594 0.362679
5.09375 0.362686

5.09375 0.362684
5.10156 0.362689

5.10156 0.362691
5.10938 0.362696

5.10938 0.362694
5.11719 0.362699

5.11719 0.3627
5.125 0.362704

6.75 0.307377
6.75781 0.304997

6.76562 0.302539
6.75881 0.304688

4.5611 0.21875
4.5625 0.225363

6.75781 0.304992
6.75878 0.304688

6.76562 0.302545
6.77344 0.299976

5.125 0.362703
5.13281 0.362706

6.77344 0.299968
6.78125 0.297295

5.99219 0.361608
6 0.36157

4.5625 0.225333
4.56276 0.226562

6 0.361568
6.00781 0.361529

6.78906 0.29452
6.78247 0.296875

4.56274 0.226562
4.56465 0.234375

6.78906 0.294523
6.79688 0.291577

5.13281 0.362708
5.14062 0.362711

5.14062 0.362709
5.14844 0.362712

4.56464 0.234375
4.56683 0.242188

4.56683 0.242188
4.56932 0.25

6.78125 0.297297
6.78243 0.296875

6.80469 0.288533
6.80335 0.289062

6.00781 0.361531
6.01562 0.361491

6.01562 0.361488
6.02344 0.361447

6.02344 0.361449
6.03125 0.361406

5.14844 0.362714
5.15625 0.362717

4.56928 0.25
4.57031 0.25286

5.15625 0.362715
5.16406 0.362717

6.79688 0.291558
6.80316 0.289062

5.16406 0.362719
5.17188 0.362721

4.57031 0.252759
4.57214 0.257812

6.03125 0.361404
6.03906 0.361359

6.03906 0.361361
6.04688 0.361315

4.5721 0.257812
4.57537 0.265625

6.04688 0.361312
6.05469 0.361263

4.57535 0.265625
4.57812 0.271367

6.80469 0.288475
6.8125 0.285221

6.05469 0.361266
6.0625 0.361215

6.82812 0.278313
6.82163 0.28125

4.57812 0.271281
4.57917 0.273438

6.82812 0.278311
6.83594 0.274588

4.57914 0.273438
4.58342 0.28125

5.17188 0.362719
5.17969 0.362721

5.17969 0.362722
5.1875 0.362724

6.84375 0.270692
6.83825 0.273438

5.1875 0.362722
5.19531 0.362723

6.83594 0.274546
6.83816 0.273438

5.19531 0.362725
5.20312 0.362726

5.20312 0.362724
5.21094 0.362725

5.21094 0.362727
5.21875 0.362727

5.21875 0.362725
5.22656 0.362726

6.8125 0.285206
6.82031 0.281819

6.82031 0.281824
6.82158 0.28125

4.58334 0.28125
4.58594 0.285442

6.85938 0.262406
6.85346 0.265625

6.0625 0.361212
6.07031 0.361159

5.22656 0.362727
5.23438 0.362728

4.58594 0.285299
4.58827 0.289062

5.23438 0.362726
5.24219 0.362726

6.84375 0.270675
6.85156 0.266621

5.24219 0.362728
5.25 0.362728

4.58809 0.289062
4.59375 0.296771

5.25 0.362726
5.25781 0.362726

6.85156 0.266611
6.85337 0.265625

6.07031 0.361161
6.07812 0.361105

4.59349 0.296875
4.59375 0.297195

6.07812 0.361103
6.08594 0.361044

4.59375 0.296607
4.59396 0.296875

6.85938 0.262403
6.86719 0.257894

4.59391 0.296875
4.60064 0.304688

4.60034 0.304688
4.60156 0.306013

6.08594 0.361046
6.09375 0.360984

4.60156 0.30569
4.60834 0.3125

5.25781 0.362727
5.26562 0.362727

6.875 0.253115
6.86731 0.257812

5.26562 0.362725
5.27344 0.362725

6.86719 0.257884
6.86731 0.257812

5.27344 0.362726
5.28125 0.362726

6.09375 0.360982
6.10156 0.360917

4.60795 0.3125
4.60938 0.313822

6.10156 0.360919
6.10938 0.360851

6.875 0.253061
6.87977 0.25

5.28125 0.362724
5.28906 0.362723

7.02484 0
7.02472 0.0078125

6.10938 0.360849
6.11719 0.360777

4.60938 0.313542
4.61719 0.320104

5.28906 0.362725
5.29688 0.362724

7.02472 0.0078125
7.02438 0.015625

5.29688 0.362722
5.30469 0.362721

7.02344 0.0275287
7.02308 0.03125

5.30469 0.362723
5.3125 0.362722

6.11719 0.36078
6.125 0.360705

5.3125 0.36272
5.32031 0.362719

4.61716 0.320312
4.61719 0.320335

7.02438 0.015625
7.02383 0.0234375

4.61719 0.320039
4.61756 0.320312

4.61756 0.320312
4.625 0.32553

6.125 0.360702
6.13281 0.360623

4.625 0.325395
4.62962 0.328125

5.32031 0.362721
5.32812 0.362719

5.32812 0.362717
5.33594 0.362716

6.13281 0.360626
6.14062 0.360544

6.14062 0.360541
6.14844 0.360456

4.62932 0.328125
4.63281 0.33019

6.14844 0.360459
6.15625 0.36037

4.63281 0.330048
4.64062 0.334013

5.33594 0.362718
5.34375 0.362716

7.02344 0.0274992
7.02383 0.0234375

5.34375 0.362714
5.35156 0.362713

7.02308 0.03125
7.02211 0.0390625

5.35156 0.362714
5.35938 0.362712

6.15625 0.360367
6.16406 0.360274

5.35938 0.362711
5.36719 0.362709

6.16406 0.360277
6.17188 0.360179

7.02211 0.0390625
7.02092 0.046875

4.64062 0.333938
4.64512 0.335938

7.02092 0.046875
7.01949 0.0546875

5.36719 0.36271
5.375 0.362708

7.01949 0.0546875
7.01782 0.0625

5.375 0.362707
5.38281 0.362704

7.01562 0.0715168
7.01384 0.078125

5.38281 0.362706
5.39062 0.362704

7.01386 0.078125
7.01144 0.0859375

5.39062 0.362702
5.39844 0.362699

7.01142 0.0859375
7.00871 0.09375

6.17188 0.360176
6.17969 0.360073

7.01782 0.0625
7.01594 0.0703125

4.64495 0.335938
4.64844 0.33749

5.39844 0.362701
5.40625 0.362699

6.17969 0.360076
6.1875 0.359967

5.40625 0.362697
5.41406 0.362694

6.1875 0.359965
6.19531 0.359848

6.19531 0.359852
6.20312 0.359721

6.20312 0.35972
6.21094 0.359568

7.01562 0.0714912
7.01594 0.0703125

5.41406 0.362696
5.42188 0.362693

4.64844 0.337429
4.65625 0.340531

5.42188 0.362691
5.42969 0.362688

4.65625 0.34054
4.66406 0.343284

7.00781 0.0961337
7.00576 0.101562

6.21094 0.359572
6.21875 0.359395

7.00577 0.101562
7.00257 0.109375

5.42969 0.36269
5.4375 0.362687

7.00781 0.0960903
7.0087 0.09375

5.4375 0.362685
5.44531 0.362682

4.66406 0.343259
4.66567 0.34375

5.44531 0.362683
5.45312 0.36268

6.22656 0.359193
6.21922 0.359375

7 0.115108
7.00253 0.109375

6.22656 0.359194
6.23438 0.358999

6.21875 0.359386
6.21922 0.359375

6.23438 0.358993
6.24219 0.358804

6.24219 0.35881
6.25 0.358627

5.45312 0.362678
5.46094 0.362675

5.46094 0.362676
5.46875 0.362673

4.66561 0.34375
4.67188 0.345667

5.46875 0.362671
5.47656 0.362667

6.25 0.35863
6.25781 0.358435

5.47656 0.362669
5.48438 0.362665

5.48438 0.362663
5.49219 0.362659

6.25781 0.358438
6.26562 0.358219

6.26562 0.358216
6.27344 0.357974

4.67188 0.345653
4.67969 0.347737

6.27344 0.357976
6.28125 0.357715

5.49219 0.36266
5.5 0.362656

6.28125 0.357709
6.28906 0.357434

6.28906 0.357436
6.29688 0.357156

4.67969 0.347723
4.6875 0.349548

6.29688 0.357153
6.30469 0.356871

5.5 0.362654
5.50781 0.36265

4.6875 0.349519
4.69531 0.351171

5.50781 0.362651
5.51562 0.362647

5.51562 0.362645
5.52344 0.36264

5.52344 0.362642
5.53125 0.362637

5.53125 0.362635
5.53906 0.362629

6.30469 0.356873
6.3125 0.356592

5.53906 0.362631
5.54688 0.362626

4.69531 0.351175
4.69731 0.351562

5.54688 0.362624
5.55469 0.362618

5.55469 0.36262
5.5625 0.362614

4.69728 0.351562
4.70312 0.352699

4.70312 0.3527
4.71094 0.354063

6.3125 0.35659
6.32031 0.356309

4.71094 0.354067
4.71875 0.355262

5.5625 0.362612
5.57031 0.362606

6.32031 0.356311
6.32812 0.35603

5.57031 0.362608
5.57812 0.362601

4.71875 0.35526
4.72656 0.356281

5.57812 0.362599
5.58594 0.362593

6.32812 0.356029
6.33594 0.355748

5.58594 0.362594
5.59375 0.362587

5.59375 0.362586
5.60156 0.362578

5.60156 0.36258
5.60938 0.362573

4.72656 0.356278
4.73438 0.357135

4.73438 0.357119
4.74219 0.357847

6.33594 0.35575
6.34375 0.355468

6.34375 0.355467
6.35156 0.355182

6.35156 0.355183
6.35938 0.354894

5.60938 0.362571
5.61719 0.362563

4.74219 0.357847
4.75 0.358477

5.61719 0.362565
5.625 0.362557

6.35938 0.354893
6.36719 0.354598

6.36719 0.354599
6.375 0.354298

6.375 0.354297
6.38281 0.353988

6.38281 0.353989
6.39062 0.35367

6.39062 0.353669
6.39844 0.353339

4.75 0.358476
4.75781 0.359013

4.75781 0.359009
4.76407 0.359375

4.76411 0.359375
4.76562 0.359464

5.625 0.362555
5.63281 0.362547

6.39844 0.35334
6.40625 0.352995

5.63281 0.362548
5.64062 0.36254

4.76562 0.359463
4.77344 0.359855

5.64062 0.362538
5.64844 0.362529

6.40625 0.352995
6.41406 0.352635

5.64844 0.362531
5.65625 0.362521

5.65625 0.36252
5.66406 0.36251

6.41406 0.352636
6.42188 0.352259

5.66406 0.362512
5.67188 0.362502

4.77344 0.359856
4.78125 0.360183

5.67188 0.3625
5.67969 0.362489

5.67969 0.362491
5.6875 0.362481

4.78125 0.360176
4.78906 0.360453

4.78906 0.360455
4.79688 0.36069

6.42188 0.352256
6.42969 0.351866

4.79688 0.360684
4.80469 0.360884

5.6875 0.362479
5.69531 0.362467

6.4375 0.351469
6.4357 0.351562

5.69531 0.362469
5.70312 0.362458

4.80469 0.360887
4.8125 0.361061

5.70312 0.362456
5.71094 0.362444

6.42969 0.351865
6.43554 0.351562

5.71094 0.362446
5.71875 0.362433

5.71875 0.362431
5.72656 0.362419

4.8125 0.361057
4.82031 0.36121

5.72656 0.36242
5.73438 0.362407

6.4375 0.351467
6.44531 0.351038

5.73438 0.362405
5.74219 0.362391

5.74219 0.362393
5.75 0.362379

6.44531 0.351037
6.45312 0.350576

6.45312 0.350576
6.46094 0.350086

5.75 0.362377
5.75781 0.362362

6.46094 0.350086
6.46875 0.34957

6.46875 0.349569
6.47656 0.34903

6.47656 0.34903
6.48438 0.348469

6.48438 0.348469
6.49219 0.347886

5.75781 0.362364
5.76562 0.362349

4.82031 0.361212
4.82812 0.361349

5.76562 0.362347
5.77344 0.362331

5.77344 0.362333
5.78125 0.362316

4.82812 0.361345
4.83594 0.361467

4.83594 0.361469
4.84375 0.36158

6.49219 0.347887
6.5 0.34728

4.84375 0.361577
4.85156 0.361676

4.85156 0.361679
4.85938 0.36177

6.5 0.347278
6.50781 0.346647

6.50781 0.346649
6.51562 0.345995

5.78125 0.362315
5.78906 0.362298

4.85938 0.361767
4.86719 0.36185

5.78906 0.3623
5.79688 0.362282

6.51562 0.34599
6.52344 0.345317

4.86719 0.361852
4.875 0.361928

6.52344 0.345319
6.53125 0.34463

5.79688 0.36228
5.80469 0.362262

5.80469 0.362264
5.8125 0.362245

4.875 0.361926
4.88281 0.361995

6.54688 0.343215
6.54106 0.34375

6.54688 0.343215
6.55469 0.34246

6.55469 0.342461
6.5625 0.341665

6.53125 0.344625
6.53906 0.343924

6.53906 0.34393
6.54102 0.34375

6.5625 0.341661
6.57031 0.340831

6.57031 0.340833
6.57812 0.339971

6.57812 0.339971
6.58594 0.339072

5.8125 0.362243
5.82031 0.362224

5.82031 0.362226
5.82812 0.362206

6.58594 0.339074
6.59375 0.338133

6.59375 0.338132
6.60156 0.337146

6.60156 0.337144
6.60938 0.33612

6.61719 0.33506
6.61075 0.335938

5.82812 0.362204
5.83594 0.362183

5.83594 0.362185
5.84375 0.362164

5.84375 0.362162
5.85156 0.362139

5.85156 0.362142
5.85938 0.362119

5.85938 0.362117
5.86719 0.362093

5.86719 0.362095
5.875 0.362071

6.60938 0.336121
6.61072 0.335938

6.61719 0.335058
6.625 0.333947

6.625 0.333948
6.63281 0.33279

6.63281 0.332794
6.64062 0.331577

6.64062 0.331572
6.64844 0.330298

6.64844 0.330292
6.65625 0.328983

6.66406 0.327666
6.66138 0.328125

6.66406 0.32766
6.67188 0.326268

6.65625 0.328974
6.66121 0.328125

6.67188 0.326273
6.67969 0.32479

6.67969 0.324791
6.6875 0.323206

6.73438 0.31187
6.73201 0.3125

6.73438 0.311842
6.74219 0.309669

6.74219 0.309671
6.75 0.307387

6.6875 0.323203
6.69531 0.321521

6.70312 0.319768
6.70072 0.320312

6.69531 0.32151
6.7006 0.320312

6.70312 0.319751
6.71094 0.317894

6.71094 0.317895
6.71875 0.315945

6.71875 0.315935
6.72656 0.313912

6.72656 0.313899
6.73181 0.3125

7 0.115271
6.99915 0.117188

6.99914 0.117188
6.99542 0.125

6.88281 0.248174
6.87997 0.25

6.88281 0.248106
6.89062 0.242835

6.90625 0.231476
6.90238 0.234375

6.89844 0.237282
6.89155 0.242188

6.89062 0.242811
6.89153 0.242188

6.89844 0.23721
6.90225 0.234375

6.92188 0.218662
6.92969 0.211663

6.9375 0.204203
6.93046 0.210938

6.92969 0.211635
6.93044 0.210938

6.91406 0.225345
6.91254 0.226562

6.90625 0.231385
6.91232 0.226562

6.91406 0.225222
6.92175 0.21875

6.96875 0.16832
6.96612 0.171875

6.96094 0.178487
6.95997 0.179688

