4.58594 0.359303
4.59375 0.359349

4.59375 0.35935
4.59943 0.359375

5.5625 0.35687
5.57031 0.356731

3.8571 0
3.85712 0.0078125

3.85712 0.0078125
3.85717 0.015625

3.85717 0.015625
3.85726 0.0234375

3.85726 0.0234375
3.8574 0.03125

3.8574 0.03125
3.85759 0.0390625

5.57031 0.356732
5.57812 0.35659

3.85759 0.0390625
3.85781 0.046875

3.85781 0.046875
3.85809 0.0546875

3.85809 0.0546875
3.85841 0.0625

3.8584 0.0625
3.85877 0.0703125

3.85877 0.0703125
3.85919 0.078125

3.85919 0.078125
3.85938 0.0811914

3.85938 0.0811606
3.85966 0.0859375

4.59871 0.359375
4.60156 0.359387

3.85967 0.0859375
3.86019 0.09375

5.57812 0.356589
5.58594 0.356443

4.60156 0.359387
4.60938 0.359401

5.58594 0.356445
5.59375 0.356296

3.86019 0.09375
3.86077 0.101562

5.59375 0.356295
5.60156 0.356143

5.60156 0.356144
5.60938 0.355988

5.60938 0.355987
5.61719 0.355826

5.61719 0.355827
5.625 0.355662

3.86077 0.101562
3.86142 0.109375

4.60938 0.359389
4.61719 0.359401

5.625 0.355662
5.63281 0.355493

4.61719 0.359408
4.625 0.359428

3.86142 0.109375
3.86215 0.117188

5.63281 0.355493
5.64062 0.355319

3.86214 0.117188
3.86294 0.125

4.625 0.359426
4.63281 0.359444

4.63281 0.359446
4.64062 0.359463

5.64062 0.355318
5.64844 0.355138

4.64062 0.359459
4.64844 0.359478

3.86294 0.125
3.86383 0.132812

5.64844 0.355139
5.65625 0.354953

3.86383 0.132812
3.86484 0.140625

4.64844 0.359481
4.65625 0.3595

3.86484 0.140625
3.86595 0.148438

5.65625 0.354953
5.66406 0.354761

4.65625 0.359498
4.66406 0.359516

5.66406 0.354761
5.67188 0.354563

3.86596 0.148438
3.86716 0.15625

4.66406 0.359518
4.67188 0.359534

3.86714 0.15625
3.86719 0.156506

5.67188 0.354563
5.67969 0.354358

3.86719 0.156429
3.86846 0.164062

4.67188 0.359531
4.67969 0.359545

3.86845 0.164062
3.86987 0.171875

5.67969 0.354358
5.6875 0.354146

3.86987 0.171875
3.87143 0.179688

3.87143 0.179688
3.87315 0.1875

4.67969 0.359549
4.6875 0.359561

4.6875 0.35956
4.69531 0.359567

5.6875 0.354146
5.69531 0.353926

4.69531 0.359569
4.70312 0.359568

3.87314 0.1875
3.875 0.195232

3.87499 0.195312
3.875 0.195351

4.70312 0.359565
4.71094 0.359559

3.875 0.195219
3.87502 0.195312

5.69531 0.353926
5.70312 0.353697

3.87502 0.195312
3.87708 0.203125

3.87707 0.203125
3.87935 0.210938

3.87935 0.210938
3.88187 0.21875

3.88183 0.21875
3.88281 0.221525

4.71094 0.359563
4.71875 0.359552

3.88281 0.221422
3.88463 0.226562

3.88459 0.226562
3.88765 0.234375

4.71875 0.35955
4.72656 0.359529

3.88765 0.234375
3.89062 0.241214

5.70312 0.353697
5.71094 0.353458

3.89062 0.241154
3.89108 0.242188

4.72656 0.359531
4.73438 0.3595

3.89107 0.242188
3.89479 0.25

3.89476 0.25
3.89844 0.257049

3.89844 0.25703
3.89885 0.257812

5.71094 0.353459
5.71875 0.35321

3.8988 0.257812
3.90335 0.265625

4.73438 0.359496
4.74219 0.35946

3.9033 0.265625
3.90625 0.270143

3.90625 0.269958
3.90852 0.273438

4.74219 0.359463
4.75 0.359426

3.9084 0.273438
3.91406 0.281163

5.71875 0.353211
5.72656 0.352951

5.72656 0.352951
5.73438 0.352679

4.76562 0.359349
4.76128 0.359375

4.75 0.359423
4.75781 0.359386

4.75781 0.359394
4.76102 0.359375

3.91406 0.281135
3.91415 0.28125

3.91382 0.28125
3.91406 0.281558

5.73438 0.35268
5.74219 0.352395

3.91409 0.28125
3.92061 0.289062

4.76562 0.359336
4.77344 0.359286

3.92035 0.289062
3.92188 0.290755

5.74219 0.352394
5.75 0.352096

3.92188 0.290379
3.92812 0.296875

4.77344 0.359289
4.78125 0.359254

4.78125 0.359248
4.78906 0.359235

4.78906 0.359241
4.79688 0.359251

4.79688 0.35925
4.80469 0.359275

3.92787 0.296875
3.92969 0.298613

5.75 0.352096
5.75781 0.351787

3.92969 0.298381
3.9368 0.304688

3.93659 0.304688
3.9375 0.305446

5.76562 0.351473
5.76343 0.351562

5.75781 0.351785
5.76326 0.351562

4.80469 0.359278
4.8125 0.359314

5.76562 0.351471
5.77344 0.351134

3.9375 0.30528
3.94531 0.311398

4.8125 0.359317
4.82031 0.359353

3.94531 0.311353
3.94697 0.3125

3.94689 0.3125
3.95312 0.316807

4.82031 0.359357
4.82716 0.359375

3.95312 0.316737
3.95903 0.320312

5.77344 0.351134
5.78125 0.350771

4.82707 0.359375
4.82812 0.359379

5.78125 0.350771
5.78906 0.350381

5.78906 0.35038
5.79688 0.349967

4.82812 0.359363
4.83265 0.359375

5.79688 0.349966
5.80469 0.349533

3.95881 0.320312
3.96094 0.32158

4.83042 0.359375
4.83594 0.35939

3.96094 0.321478
3.96875 0.325621

5.80469 0.349533
5.8125 0.349083

3.96875 0.325585
3.97425 0.328125

4.83594 0.359394
4.84375 0.359426

3.97405 0.328125
3.97656 0.329287

5.8125 0.349082
5.82031 0.348617

3.97656 0.3292
3.98438 0.332329

3.98438 0.332304
3.99219 0.335049

5.82031 0.348617
5.82812 0.348138

3.99219 0.335011
3.99513 0.335938

4.84375 0.359427
4.85156 0.359456

3.99506 0.335938
4 0.337492

5.82812 0.348138
5.83594 0.347644

5.83594 0.347645
5.84375 0.347136

5.84375 0.347134
5.85156 0.34661

5.85156 0.346612
5.85938 0.346072

5.85938 0.34607
5.86719 0.345514

4 0.337481
4.00781 0.3397

4.85156 0.359458
4.85938 0.359479

4.00781 0.339701
4.01562 0.341686

4.01562 0.341685
4.02344 0.343434

4.85938 0.359476
4.86719 0.359489

4.86719 0.359492
4.875 0.359497

5.86719 0.345517
5.875 0.344943

4.875 0.359495
4.88281 0.359491

4.02344 0.343415
4.02513 0.34375

4.02511 0.34375
4.03125 0.344964

4.88281 0.359493
4.89062 0.35948

4.03125 0.344958
4.03906 0.346338

5.89062 0.343738
5.89844 0.3431

4.03906 0.346339
4.04688 0.347563

4.04688 0.347552
4.05469 0.348639

4.05469 0.348634
4.0625 0.349619

4.0625 0.349614
4.07031 0.350516

4.89062 0.359476
4.89844 0.359458

5.89844 0.343101
5.90625 0.342432

4.07031 0.350511
4.07812 0.35135

4.89844 0.359461
4.90625 0.359439

4.07812 0.351348
4.08028 0.351562

5.875 0.344942
5.88281 0.344348

4.08021 0.351562
4.08594 0.352132

4.90625 0.359435
4.91406 0.359409

4.08594 0.35213
4.09375 0.352841

5.88281 0.344349
5.89044 0.34375

4.09375 0.352841
4.10156 0.353483

4.10156 0.353483
4.10938 0.354054

4.10938 0.354052
4.11719 0.354557

4.11719 0.354555
4.125 0.355

4.91406 0.35941
4.92188 0.359387

4.125 0.354997
4.13281 0.355393

4.13281 0.355392
4.14062 0.355749

4.14062 0.355747
4.14844 0.356074

4.14844 0.356074
4.15625 0.356374

5.90625 0.34243
5.91406 0.341728

5.91406 0.34173
5.92188 0.340995

4.92969 0.359362
4.92623 0.359375

5.92188 0.340994
5.92969 0.340224

4.15625 0.356372
4.16406 0.356648

4.92969 0.359364
4.9375 0.359318

4.16406 0.356649
4.17188 0.356903

5.92969 0.340225
5.9375 0.339418

4.17188 0.356901
4.17969 0.357135

4.92188 0.359389
4.92517 0.359375

4.17969 0.357136
4.1875 0.357351

5.9375 0.339418
5.94531 0.338571

4.1875 0.357349
4.19531 0.357549

4.9375 0.359303
4.94531 0.359266

4.19531 0.35755
4.20312 0.357735

5.94531 0.338571
5.95312 0.337682

4.20312 0.357732
4.21094 0.357905

4.94531 0.359274
4.95312 0.359262

4.21094 0.357907
4.21875 0.358071

4.21875 0.358068
4.22656 0.358227

4.95312 0.359259
4.96094 0.359264

4.22656 0.358229
4.23438 0.358384

5.95312 0.337681
5.96094 0.336749

4.23438 0.358381
4.24219 0.358535

4.24219 0.358538
4.25 0.358693

5.96875 0.335789
5.96755 0.335938

4.25 0.35869
4.25781 0.358847

4.96094 0.359266
4.96875 0.359288

4.25781 0.35885
4.26562 0.359006

4.26562 0.359008
4.27344 0.359154

4.27344 0.35916
4.28125 0.359282

4.28125 0.359285
4.28906 0.359365

5.96094 0.336745
5.96744 0.335938

4.28906 0.359366
4.29118 0.359375

4.96875 0.359289
4.97656 0.359322

5.96875 0.335779
5.97656 0.334768

5.97656 0.334767
5.98438 0.333714

4.29181 0.359375
4.29688 0.359397

4.97656 0.359327
4.98438 0.359357

4.29688 0.359382
4.30469 0.359404

5.98438 0.333715
5.99219 0.332623

4.30469 0.359408
4.3125 0.359441

4.98438 0.359354
4.99219 0.359375

4.3125 0.35944
4.32031 0.359476

4.32031 0.35948
4.32812 0.359511

4.9911 0.359375
4.99219 0.359378

4.32812 0.359508
4.33594 0.359534

5.99219 0.332625
6 0.331487

4.33594 0.359536
4.34375 0.359558

4.99219 0.359377
5 0.359391

5 0.359383
5.00781 0.359402

5.00781 0.35941
5.01562 0.359435

5.01562 0.359433
5.02344 0.359452

4.34375 0.359556
4.35156 0.359575

6.25 0.247248
6.24564 0.25

4.35156 0.359577
4.35938 0.359592

5.02344 0.359455
5.03125 0.359468

6 0.331486
6.00781 0.330296

5.03125 0.359465
5.03906 0.35947

4.35938 0.359588
4.36719 0.359601

6.00781 0.330293
6.01562 0.32906

4.36719 0.359605
4.375 0.359616

4.375 0.359615
4.38281 0.359622

4.38281 0.359623
4.39062 0.359625

5.03906 0.359472
5.04688 0.359469

5.04688 0.359466
5.05469 0.359457

5.05469 0.35946
5.0625 0.359448

5.0625 0.359446
5.07031 0.359428

4.39062 0.359621
4.39844 0.35962

6.02344 0.327808
6.02149 0.328125

4.39844 0.359624
4.40625 0.359621

4.40625 0.35962
4.41406 0.359611

4.41406 0.359613
4.42188 0.359599

4.42188 0.359595
4.42969 0.359578

5.07031 0.359429
5.07812 0.359407

6.02344 0.327795
6.03125 0.326461

5.07812 0.359402
5.08594 0.359384

5.08594 0.359387
5.09375 0.359377

6.01562 0.329055
6.02133 0.328125

5.10156 0.359367
5.09683 0.359375

4.42969 0.359582
4.4375 0.359563

4.4375 0.359561
4.44531 0.359537

4.44531 0.359538
4.45312 0.359508

4.45312 0.359504
4.46094 0.359473

6.03125 0.326464
6.03906 0.325049

5.10156 0.359369
5.10938 0.359339

6.03906 0.32505
6.04688 0.323546

4.46094 0.359477
4.46875 0.359445

5.09375 0.35938
5.09571 0.359375

4.46875 0.359442
4.47656 0.35941

4.47656 0.359411
4.48438 0.359381

5.10938 0.359324
5.11719 0.359305

5.11719 0.359313
5.125 0.359319

6.04688 0.323545
6.05469 0.321952

6.0625 0.320299
6.06244 0.320312

4.49219 0.359348
4.48692 0.359375

4.49219 0.35935
4.5 0.359285

6.05469 0.321949
6.06231 0.320312

6.10156 0.310652
6.0946 0.3125

6.10156 0.310653
6.10938 0.308483

6.10938 0.308483
6.11719 0.306212

4.48438 0.359382
4.48555 0.359375

5.125 0.359318
5.13281 0.359333

5.13281 0.359336
5.14062 0.359357

5.14062 0.359358
5.14795 0.359375

5.14775 0.359375
5.14844 0.359377

5.14844 0.359379
5.15625 0.359387

6.125 0.303878
6.12233 0.304688

5.15625 0.359371
5.15749 0.359375

4.5 0.359268
4.50781 0.359206

4.50781 0.359213
4.51562 0.359172

4.51562 0.359167
4.52344 0.359142

4.52344 0.359145
4.53125 0.359142

6.11719 0.306191
6.12216 0.304688

6.0625 0.320278
6.07031 0.318513

5.15628 0.359375
5.16406 0.359394

6.07031 0.318509
6.07812 0.316654

4.53125 0.359142
4.53906 0.359151

5.16406 0.359404
5.17188 0.359438

4.53906 0.359155
4.54688 0.359168

6.07812 0.316652
6.08594 0.314719

4.54688 0.359165
4.55469 0.35918

4.55469 0.359184
4.5625 0.359201

6.08594 0.314716
6.09375 0.312717

6.09375 0.312721
6.09458 0.3125

5.17188 0.359436
5.17969 0.359468

6.125 0.303849
6.13281 0.301389

4.5625 0.359195
4.57031 0.359218

5.17969 0.359471
5.1875 0.359498

4.57031 0.359222
4.57812 0.359256

4.57812 0.359253
4.58594 0.359297

5.1875 0.359496
5.19531 0.359514

5.19531 0.359516
5.20312 0.359525

6.13281 0.301385
6.14062 0.298831

6.14844 0.296237
6.14655 0.296875

6.14844 0.296201
6.15625 0.293434

6.14062 0.298816
6.14636 0.296875

6.1875 0.280922
6.18674 0.28125

6.15625 0.293437
6.16406 0.290513

6.17188 0.287453
6.16779 0.289062

6.16406 0.290484
6.16767 0.289062

6.17188 0.287435
6.17969 0.284213

6.17969 0.284203
6.18652 0.28125

6.1875 0.280847
6.19531 0.277295

6.19531 0.277284
6.20312 0.27356

6.21094 0.269675
6.20339 0.273438

6.20312 0.273565
6.20338 0.273438

6.21094 0.269674
6.21869 0.265625

6.21875 0.265604
6.22656 0.261319

6.23438 0.256916
6.23282 0.257812

6.22656 0.261284
6.2326 0.257812

6.23438 0.256826
6.24219 0.252132

6.24219 0.252095
6.24551 0.25

5.20312 0.359522
5.21094 0.359524

5.21094 0.359527
5.21875 0.359523

5.21875 0.359521
5.22656 0.359506

5.22656 0.359507
5.23438 0.359481

5.23438 0.359477
5.24219 0.359446

5.24219 0.359449
5.25 0.359412

6.375 0.0965802
6.37313 0.101562

6.37314 0.101562
6.36993 0.109375

6.36719 0.115528
6.36644 0.117188

6.36641 0.117188
6.3626 0.125

6.36719 0.115428
6.36991 0.109375

6.25 0.247219
6.25755 0.242188

6.25781 0.242017
6.26562 0.2365

6.27344 0.230689
6.26851 0.234375

6.28125 0.224566
6.27874 0.226562

6.27344 0.23062
6.27856 0.226562

6.26562 0.236428
6.26845 0.234375

6.28906 0.218045
6.28824 0.21875

6.28906 0.2179
6.29685 0.210938

6.3125 0.195599
6.30509 0.203125

6.29688 0.210908
6.30469 0.203486

6.30469 0.203497
6.30507 0.203125

6.28125 0.224431
6.28799 0.21875

6.32031 0.187221
6.32007 0.1875

6.32812 0.177972
6.32673 0.179688

6.32031 0.187079
6.32667 0.179688

6.33594 0.167925
6.33296 0.171875

6.34375 0.157118
6.33886 0.164062

6.33594 0.167862
6.33877 0.164062

5.25781 0.359361
5.25582 0.359375

5.25781 0.359361
5.26562 0.359288

5.25 0.359413
5.25565 0.359375

5.26562 0.359269
5.27344 0.359214

5.27344 0.359223
5.28125 0.359203

5.28125 0.359201
5.28906 0.359204

5.28906 0.359206
5.29688 0.359233

5.29688 0.359233
5.30469 0.359278

5.30469 0.359283
5.3125 0.359336

5.3125 0.359339
5.319 0.359375

5.31886 0.359375
5.32031 0.359383

5.32031 0.359384
5.32812 0.359409

5.32812 0.359404
5.33594 0.35942

5.33594 0.359428
5.34375 0.359432

5.35938 0.359343
5.35494 0.359375

5.34375 0.359433
5.35156 0.359407

5.35156 0.359413
5.35678 0.359375

5.35938 0.359326
5.36719 0.359286

5.36719 0.3593
5.375 0.359298

5.375 0.359304
5.38281 0.3593

5.38281 0.359302
5.39062 0.35928

5.39062 0.359278
5.39844 0.359239

5.39844 0.359242
5.40625 0.359183

5.40625 0.359178
5.41406 0.359105

5.41406 0.359108
5.42188 0.359025

5.42188 0.35902
5.42969 0.358929

5.42969 0.358933
5.4375 0.358836

5.4375 0.358832
5.44531 0.358729

5.44531 0.358732
5.45312 0.358623

5.45312 0.35862
5.46094 0.358507

5.46094 0.35851
5.46875 0.358394

5.46875 0.358392
5.47656 0.358273

5.47656 0.358276
5.48438 0.358155

5.48438 0.358153
5.49219 0.35803

5.49219 0.358033
5.5 0.35791

6.32812 0.177821
6.3329 0.171875

6.35938 0.131246
6.35856 0.132812

6.35853 0.132812
6.35414 0.140625

6.35156 0.144908
6.34943 0.148438

6.34941 0.148438
6.34434 0.15625

6.35156 0.144825
6.35411 0.140625

6.35938 0.131135
6.36258 0.125

6.34375 0.157092
6.34432 0.15625

6.31994 0.1875
6.31275 0.195312

6.3125 0.195566
6.31274 0.195312

6.39272 0
6.39261 0.0078125

6.3926 0.0078125
6.39226 0.015625

6.39226 0.015625
6.39168 0.0234375

6.39168 0.0234375
6.39088 0.03125

6.39062 0.0332748
6.38986 0.0390625

6.38986 0.0390625
6.38859 0.046875

6.3886 0.046875
6.38709 0.0546875

6.38709 0.0546875
6.38534 0.0625

6.39062 0.0331536
6.39088 0.03125

6.38281 0.0722177
6.38115 0.078125

6.38534 0.0625
6.38336 0.0703125

6.38281 0.0721917
6.38334 0.0703125

6.38116 0.078125
6.37873 0.0859375

6.37873 0.0859375
6.37606 0.09375

6.375 0.0965154
6.37604 0.09375

5.5 0.357908
5.50781 0.357783

5.50781 0.357785
5.51562 0.357659

5.51562 0.357657
5.52344 0.35753

5.52344 0.357532
5.53125 0.357404

5.53125 0.357402
5.53906 0.357272

5.53906 0.357274
5.54688 0.357142

5.54688 0.35714
5.55469 0.357006

5.55469 0.357007
5.5625 0.356871

