4.875 0.361931
4.88281 0.361999

4.88281 0.362001
4.89062 0.362064

5.875 0.362047
5.88281 0.362022

6.98438 0.140311
6.9842 0.140625

6.97656 0.152869
6.97436 0.15625

6.98415 0.140625
6.97946 0.148438

6.97656 0.152793
6.9794 0.148438

6.99219 0.125453
6.98842 0.132812

6.98438 0.140154
6.98842 0.132812

6.99219 0.125434
6.99241 0.125

6.97433 0.15625
6.96892 0.164062

6.96875 0.164291
6.96891 0.164062

6.94531 0.193081
6.94325 0.195312

6.9375 0.201201
6.94313 0.195312

4.54771 0
4.54771 0.0078125

4.54771 0.0078125
4.54772 0.015625

4.54772 0.015625
4.54772 0.0234375

5.88281 0.362024
5.89062 0.361998

4.54772 0.0234375
4.54774 0.03125

5.89062 0.361996
5.89844 0.36197

4.89062 0.362062
4.89844 0.362119

6.94531 0.192994
6.95023 0.1875

4.89844 0.362121
4.90625 0.362174

6.75781 0.304109
6.75595 0.304688

4.90625 0.362172
4.91406 0.36222

4.91406 0.362222
4.92188 0.362267

6.75 0.30647
6.75575 0.304688

6.75781 0.304068
6.76562 0.301561

6.78125 0.296328
6.77967 0.296875

6.76562 0.301561
6.77344 0.298962

6.77344 0.298948
6.77944 0.296875

6.78125 0.296282
6.78906 0.293448

4.92188 0.362264
4.92969 0.362305

6.78906 0.293446
6.79688 0.290447

4.54774 0.03125
4.54776 0.0390625

6.80469 0.28731
6.80035 0.289062

4.54776 0.0390625
4.54779 0.046875

6.79688 0.29042
6.80024 0.289062

4.54779 0.046875
4.54783 0.0546875

4.92969 0.362307
4.9375 0.362345

4.54783 0.0546875
4.54788 0.0625

5.89844 0.361972
5.90625 0.361944

5.90625 0.361942
5.91406 0.361914

5.91406 0.361916
5.92188 0.361887

5.92188 0.361885
5.92969 0.361855

5.92969 0.361857
5.9375 0.361826

4.9375 0.362342
4.94531 0.362377

4.94531 0.362379
4.95312 0.36241

4.95312 0.362408
4.96094 0.362437

4.96094 0.362439
4.96875 0.362465

4.96875 0.362463
4.97656 0.362488

4.97656 0.36249
4.98438 0.362512

4.98438 0.36251
4.99219 0.36253

4.54788 0.0625
4.54794 0.0703125

5.9375 0.361824
5.94531 0.361792

4.54794 0.0703125
4.54802 0.078125

5.94531 0.361794
5.95312 0.361762

4.99219 0.362532
5 0.362551

4.54802 0.078125
4.54812 0.0859375

4.54812 0.0859375
4.54824 0.09375

5.95312 0.361759
5.96094 0.361726

4.54824 0.09375
4.54839 0.101562

5 0.362549
5.00781 0.362566

4.54839 0.101562
4.54857 0.109375

5.00781 0.362568
5.01562 0.362583

5.96094 0.361728
5.96875 0.361694

5.01562 0.362581
5.02344 0.362595

6.80469 0.287289
6.8125 0.283985

4.54856 0.109375
4.54877 0.117188

6.82031 0.28063
6.81891 0.28125

4.54877 0.117188
4.54902 0.125

5.96875 0.361691
5.97656 0.361656

4.54902 0.125
4.54931 0.132812

5.97656 0.361658
5.98438 0.361622

4.54931 0.132812
4.54965 0.140625

5.02344 0.362597
5.03125 0.36261

6.82031 0.280563
6.82812 0.276952

5.03125 0.362608
5.03906 0.36262

5.03906 0.362622
5.04688 0.362633

6.83594 0.273235
6.83552 0.273438

5.98438 0.36162
5.99219 0.361583

4.54965 0.140625
4.55005 0.148438

5.99219 0.361585
6 0.361547

4.55005 0.148438
4.55051 0.15625

5.04688 0.362631
5.05469 0.36264

4.5505 0.15625
4.55104 0.164062

5.05469 0.362642
5.0625 0.362651

6 0.361544
6.00781 0.361505

6.82812 0.276936
6.8353 0.273438

4.55104 0.164062
4.55167 0.171875

5.0625 0.362649
5.07031 0.362657

4.55166 0.171875
4.5524 0.179688

6.83594 0.273129
6.84375 0.269147

4.5524 0.179688
4.55328 0.1875

6.8125 0.283958
6.81865 0.28125

6.00781 0.361508
6.01562 0.361467

5.07031 0.362659
5.07812 0.362666

6.01562 0.361465
6.02344 0.361423

5.07812 0.362665
5.08594 0.362671

4.55328 0.1875
4.55428 0.195312

5.08594 0.362673
5.09375 0.362679

6.85156 0.265144
6.85065 0.265625

6.02344 0.361426
6.03125 0.361382

6.85156 0.265046
6.85938 0.260728

5.09375 0.362677
5.10156 0.362683

4.55427 0.195312
4.55469 0.198201

6.03125 0.36138
6.03906 0.361335

4.55469 0.198124
4.55541 0.203125

6.03906 0.361338
6.04688 0.361291

5.10156 0.362684
5.10938 0.362689

6.04688 0.361289
6.05469 0.36124

6.84375 0.269116
6.85036 0.265625

4.55539 0.203125
4.55667 0.210938

6.86719 0.256221
6.86447 0.257812

6.05469 0.361243
6.0625 0.361192

5.10938 0.362687
5.11719 0.362692

6.0625 0.361189
6.07031 0.361136

6.85938 0.260686
6.86428 0.257812

6.07031 0.361138
6.07812 0.361082

6.86719 0.256152
6.875 0.251306

6.875 0.251264
6.87695 0.25

7.02194 0
7.02182 0.0078125

7.02182 0.0078125
7.02147 0.015625

7.02147 0.015625
7.0209 0.0234375

7.0209 0.0234375
7.02013 0.03125

7.01562 0.0592014
7.01494 0.0625

6.07812 0.361079
6.08594 0.36102

6.08594 0.361022
6.09375 0.36096

6.09375 0.360957
6.10156 0.360891

6.10156 0.360893
6.10938 0.360823

6.10938 0.360821
6.11719 0.360746

6.11719 0.360749
6.125 0.360671

7.02013 0.03125
7.01914 0.0390625

7.01914 0.0390625
7.01795 0.046875

7.01795 0.046875
7.01655 0.0546875

7.01562 0.0591624
7.01656 0.0546875

7.01495 0.0625
7.01304 0.0703125

7.01303 0.0703125
7.01082 0.078125

6.125 0.360668
6.13281 0.360586

7.00781 0.0874922
7.00567 0.09375

4.55666 0.210938
4.55813 0.21875

5.11719 0.362693
5.125 0.362697

7.01081 0.078125
7.00835 0.0859375

5.125 0.362696
5.13281 0.362699

7.00781 0.0874634
7.00834 0.0859375

7.00568 0.09375
7.00276 0.101562

6.13281 0.360589
6.14062 0.360501

7 0.108321
7.00274 0.101562

6.14062 0.360499
6.14844 0.360407

6.14844 0.36041
6.15625 0.360314

5.13281 0.362701
5.14062 0.362704

5.14062 0.362702
5.14844 0.362705

6.15625 0.360311
6.16406 0.360211

6.16406 0.360214
6.17188 0.36011

6.17188 0.360107
6.17969 0.36

6.17969 0.360002
6.1875 0.359892

5.14844 0.362706
5.15625 0.362709

5.15625 0.362707
5.16406 0.362709

6.1875 0.359888
6.19531 0.359775

6.19531 0.359782
6.20312 0.359662

6.21875 0.359344
6.21722 0.359375

6.20312 0.359664
6.21094 0.35952

6.21094 0.359523
6.21747 0.359375

6.21875 0.359336
6.22656 0.359142

6.22656 0.359147
6.23438 0.358948

6.23438 0.358941
6.24219 0.35874

6.24219 0.358745
6.25 0.358548

6.25 0.358551
6.25781 0.358345

6.25781 0.358348
6.26562 0.358119

6.26562 0.358115
6.27344 0.357865

6.27344 0.357867
6.28125 0.357599

6.28125 0.357594
6.28906 0.357316

5.16406 0.362711
5.17188 0.362712

5.17188 0.362711
5.17969 0.362712

6.28906 0.357318
6.29688 0.357037

6.29688 0.357034
6.30469 0.356753

6.30469 0.356755
6.3125 0.356475

6.3125 0.356473
6.32031 0.356194

6.32031 0.356195
6.32812 0.355915

6.32812 0.355914
6.33594 0.355633

6.33594 0.355635
6.34375 0.355352

6.34375 0.355351
6.35156 0.355064

6.35156 0.355065
6.35938 0.354773

6.35938 0.354772
6.36719 0.354474

6.36719 0.354475
6.375 0.35417

6.375 0.35417
6.38281 0.353856

5.17969 0.362714
5.1875 0.362715

5.1875 0.362713
5.19531 0.362714

6.38281 0.353857
6.39062 0.353533

6.39062 0.353532
6.39844 0.353195

6.39844 0.353196
6.40625 0.352845

6.40625 0.352845
6.41406 0.352477

6.41406 0.352477
6.42188 0.352093

6.42188 0.352091
6.42969 0.351695

6.4375 0.351288
6.43231 0.351562

6.42969 0.351698
6.43225 0.351562

6.4375 0.351289
6.44531 0.350846

6.44531 0.350845
6.45312 0.350371

6.45312 0.35037
6.46094 0.349868

6.46094 0.349867
6.46875 0.34934

6.46875 0.349339
6.47656 0.348792

6.47656 0.348793
6.48438 0.348226

6.48438 0.348226
6.49219 0.347638

6.49219 0.34764
6.5 0.347029

5.19531 0.362716
5.20312 0.362717

5.20312 0.362715
5.21094 0.362716

6.5 0.347027
6.50781 0.346391

6.50781 0.346394
6.51562 0.345731

6.51562 0.345726
6.52344 0.345043

6.52344 0.345044
6.53125 0.344348

6.53906 0.343647
6.53793 0.34375

6.53906 0.343642
6.54688 0.342909

6.54688 0.342909
6.55469 0.34214

6.55469 0.342141
6.5625 0.341333

6.53125 0.344345
6.53779 0.34375

5.21094 0.362717
5.21875 0.362718

5.21875 0.362716
5.22656 0.362716

6.5625 0.34133
6.57031 0.340487

6.57031 0.34049
6.57812 0.339614

6.57812 0.339614
6.58594 0.338699

6.58594 0.338701
6.59375 0.337742

6.59375 0.33774
6.60156 0.336738

6.60938 0.335713
6.60769 0.335938

6.60156 0.336733
6.60754 0.335938

5.22656 0.362718
5.23438 0.362718

5.23438 0.362716
5.24219 0.362716

6.60938 0.335701
6.61719 0.334618

6.61719 0.334617
6.625 0.333488

5.24219 0.362718
5.25 0.362717

6.625 0.333488
6.63281 0.332315

6.63281 0.332319
6.64062 0.331091

6.64062 0.331086
6.64844 0.329803

5.25 0.362716
5.25781 0.362715

5.25781 0.362717
5.26562 0.362716

6.64844 0.329799
6.65625 0.328481

6.66406 0.327128
6.65835 0.328125

6.66406 0.32713
6.67188 0.325696

6.65625 0.328481
6.65829 0.328125

6.67188 0.325699
6.67969 0.324177

6.67969 0.324179
6.6875 0.322562

5.26562 0.362714
5.27344 0.362714

5.27344 0.362715
5.28125 0.362715

6.73438 0.311027
6.72891 0.3125

6.73438 0.311028
6.74219 0.30882

6.74219 0.308818
6.75 0.306494

6.6875 0.322558
6.69531 0.320848

6.70312 0.319052
6.69766 0.320312

6.69531 0.320842
6.69761 0.320312

6.70312 0.319048
6.71094 0.317153

6.71094 0.317151
6.71875 0.315168

6.71875 0.315157
6.72656 0.313113

6.72656 0.313107
6.72881 0.3125

5.28125 0.362713
5.28906 0.362712

5.28906 0.362714
5.29688 0.362712

7 0.108485
6.99964 0.109375

6.9996 0.109375
6.99616 0.117188

6.99614 0.117188
6.99241 0.125

5.29688 0.362711
5.30469 0.362709

5.30469 0.362711
5.3125 0.36271

6.88281 0.246192
6.87701 0.25

6.89062 0.240897
6.88874 0.242188

6.88281 0.246136
6.88851 0.242188

6.90625 0.229124
6.89939 0.234375

6.89062 0.240746
6.89844 0.235066

6.89844 0.235066
6.89937 0.234375

6.92188 0.216129
6.91885 0.21875

6.9375 0.201316
6.9357 0.203125

6.92969 0.20896
6.92757 0.210938

6.92188 0.215981
6.92745 0.210938

6.92969 0.208823
6.93558 0.203125

5.3125 0.362708
5.32031 0.362706

5.32031 0.362708
5.32812 0.362707

6.91406 0.222809
6.90943 0.226562

6.90625 0.229041
6.90938 0.226562

6.91406 0.222686
6.91872 0.21875

5.32812 0.362705
5.33594 0.362703

5.33594 0.362705
5.34375 0.362703

6.95312 0.184228
6.95034 0.1875

6.96875 0.16434
6.96316 0.171875

6.96094 0.174657
6.95693 0.179688

6.95312 0.18416
6.95684 0.179688

6.96094 0.174634
6.96308 0.171875

5.34375 0.362701
5.35156 0.362699

5.35156 0.362701
5.35938 0.362699

5.35938 0.362697
5.36719 0.362695

5.36719 0.362697
5.375 0.362694

5.375 0.362693
5.38281 0.36269

5.38281 0.362692
5.39062 0.362689

5.39062 0.362688
5.39844 0.362685

5.39844 0.362687
5.40625 0.362684

5.40625 0.362682
5.41406 0.362679

5.41406 0.362681
5.42188 0.362678

5.42188 0.362676
5.42969 0.362673

5.42969 0.362675
5.4375 0.362671

5.4375 0.36267
5.44531 0.362666

5.44531 0.362668
5.45312 0.362664

5.45312 0.362663
5.46094 0.362659

5.46094 0.362661
5.46875 0.362657

5.46875 0.362655
5.47656 0.362651

5.47656 0.362653
5.48438 0.362648

5.48438 0.362647
5.49219 0.362642

5.49219 0.362644
5.5 0.362639

5.5 0.362638
5.50781 0.362633

5.50781 0.362635
5.51562 0.36263

5.51562 0.362628
5.52344 0.362623

5.52344 0.362625
5.53125 0.36262

5.53125 0.362618
5.53906 0.362612

5.53906 0.362614
5.54688 0.362608

5.54688 0.362607
5.55469 0.362601

5.55469 0.362602
5.5625 0.362596

5.5625 0.362595
5.57031 0.362588

5.57031 0.36259
5.57812 0.362583

5.57812 0.362582
5.58594 0.362575

5.58594 0.362577
5.59375 0.36257

5.59375 0.362568
5.60156 0.36256

5.60156 0.362562
5.60938 0.362555

5.60938 0.362553
5.61719 0.362545

5.61719 0.362547
5.625 0.362539

5.625 0.362537
5.63281 0.362528

5.63281 0.36253
5.64062 0.362521

5.64062 0.362519
5.64844 0.36251

5.64844 0.362512
5.65625 0.362503

5.65625 0.362501
5.66406 0.362491

5.66406 0.362493
5.67188 0.362483

5.67188 0.362481
5.67969 0.36247

5.67969 0.362472
5.6875 0.362461

5.6875 0.362459
5.69531 0.362448

5.69531 0.36245
5.70312 0.362438

5.70312 0.362436
5.71094 0.362424

5.71094 0.362426
5.71875 0.362413

5.71875 0.362412
5.72656 0.362398

5.72656 0.3624
5.73438 0.362387

5.73438 0.362385
5.74219 0.362371

5.74219 0.362373
5.75 0.362358

5.75 0.362356
5.75781 0.362341

5.75781 0.362343
5.76562 0.362328

5.76562 0.362326
5.77344 0.36231

5.77344 0.362312
5.78125 0.362295

5.78125 0.362293
5.78906 0.362276

5.78906 0.362278
5.79688 0.36226

5.79688 0.362258
5.80469 0.36224

5.80469 0.362242
5.8125 0.362223

5.8125 0.362221
5.82031 0.362202

5.82031 0.362204
5.82812 0.362184

5.82812 0.362182
5.83594 0.362161

5.83594 0.362163
5.84375 0.362142

5.84375 0.362139
5.85156 0.362117

5.85156 0.362119
5.85938 0.362097

5.85938 0.362095
5.86719 0.362071

5.86719 0.362073
5.875 0.362049

4.55813 0.21875
4.55981 0.226562

4.55981 0.226562
4.56172 0.234375

4.56168 0.234375
4.5625 0.237333

4.5625 0.237241
4.56388 0.242188

4.56385 0.242188
4.56637 0.25

4.56638 0.25
4.56925 0.257812

4.5692 0.257812
4.57031 0.260501

4.57031 0.260404
4.57246 0.265625

4.57241 0.265625
4.57609 0.273438

4.57602 0.273438
4.57812 0.2773

4.57812 0.277124
4.58037 0.28125

4.5803 0.28125
4.58524 0.289062

4.58517 0.289062
4.58594 0.290181

4.58594 0.290033
4.59096 0.296875

4.5908 0.296875
4.59375 0.300493

4.59375 0.300055
4.59774 0.304688

4.59758 0.304688
4.60156 0.308865

4.60156 0.308708
4.60552 0.3125

4.60525 0.3125
4.60938 0.316133

4.60938 0.315986
4.6149 0.320312

4.6146 0.320312
4.61719 0.322221

4.61719 0.322141
4.625 0.327341

4.625 0.327285
4.6265 0.328125

4.62643 0.328125
4.63281 0.331688

4.63281 0.331604
4.64062 0.335331

4.64062 0.335277
4.64219 0.335938

4.64212 0.335938
4.64844 0.338612

4.64844 0.338602
4.65625 0.341556

4.65625 0.341552
4.66285 0.34375

4.66269 0.34375
4.66406 0.344208

4.66406 0.34415
4.67188 0.346418

4.67188 0.346409
4.67969 0.348387

4.67969 0.348367
4.6875 0.350111

4.6875 0.350091
4.69473 0.351562

4.69465 0.351562
4.69531 0.351698

4.69531 0.351692
4.70312 0.35315

4.70312 0.353152
4.71094 0.354454

4.71094 0.354458
4.71875 0.355593

4.71875 0.35559
4.72656 0.356556

4.72656 0.356553
4.73438 0.357361

4.73438 0.357346
4.74219 0.358033

4.74219 0.358033
4.75 0.358631

4.75 0.358629
4.75781 0.359143

4.75781 0.359142
4.76199 0.359375

4.76203 0.359375
4.76562 0.359575

4.76562 0.359571
4.77344 0.35994

4.77344 0.359943
4.78125 0.360253

4.78125 0.360245
4.78906 0.360507

4.78906 0.360509
4.79688 0.360732

4.79688 0.360726
4.80469 0.360918

4.80469 0.360921
4.8125 0.361089

4.8125 0.361084
4.82031 0.361232

4.82031 0.361235
4.82812 0.361367

4.82812 0.361363
4.83594 0.361482

4.83594 0.361484
4.84375 0.361592

4.84375 0.361589
4.85156 0.361687

4.85156 0.361689
4.85938 0.361778

4.85938 0.361775
4.86719 0.361857

4.86719 0.361859
4.875 0.361933

