3.82812 0.390101
3.82193 0.390625

3.8125 0.391395
3.82031 0.390761

3.82031 0.390759
3.8219 0.390625

3.82812 0.3901
3.83594 0.389413

3.83594 0.389414
3.84375 0.388698

2.76562 0.421528
2.77344 0.420941

2.77344 0.420941
2.78125 0.420345

2.78125 0.420345
2.78906 0.419741

2.78906 0.419742
2.79688 0.41913

3.84375 0.388698
3.85156 0.387952

2.79688 0.419128
2.80469 0.418509

2.80469 0.418509
2.8125 0.417886

3.85156 0.387953
3.85938 0.387173

2.8125 0.417885
2.82031 0.41726

2.82031 0.417259
2.82812 0.416636

3.85938 0.387174
3.86719 0.386359

2.82812 0.416635
2.83594 0.416015

2.83594 0.416015
2.84375 0.4154

3.86719 0.38636
3.875 0.385508

2.84375 0.415399
2.85156 0.41479

2.30392 0
2.30397 0.0078125

2.30397 0.0078125
2.30413 0.015625

2.30413 0.015625
2.30441 0.0234375

3.95312 0.374637
3.95095 0.375

2.3044 0.0234375
2.30469 0.0292007

2.30469 0.0291983
2.30479 0.03125

3.95312 0.374623
3.96094 0.373265

2.30479 0.03125
2.30528 0.0390625

2.30528 0.0390625
2.30589 0.046875

3.96094 0.373266
3.96875 0.371852

2.30589 0.046875
2.30661 0.0546875

2.30661 0.0546875
2.30745 0.0625

3.96875 0.371853
3.97656 0.370381

2.30745 0.0625
2.3084 0.0703125

2.3084 0.0703125
2.30946 0.078125

2.85156 0.41479
2.85938 0.414186

3.97656 0.370382
3.98438 0.36885

2.86719 0.413586
2.861 0.414062

2.85938 0.414186
2.86098 0.414062

3.98438 0.368851
3.99219 0.367257

2.86719 0.413583
2.875 0.412987

2.30946 0.078125
2.31064 0.0859375

2.31064 0.0859375
2.31194 0.09375

2.31194 0.09375
2.3125 0.0968465

2.3125 0.0968142
2.31336 0.101562

2.31336 0.101562
2.31491 0.109375

4 0.365599
3.99252 0.367188

2.875 0.412987
2.88281 0.412403

3.99219 0.367256
3.99251 0.367188

3.875 0.385508
3.88281 0.384618

2.31491 0.109375
2.31658 0.117188

3.88281 0.384618
3.89062 0.383687

3.89844 0.382724
3.89772 0.382812

3.89062 0.383687
3.89765 0.382812

3.89844 0.382716
3.90625 0.3817

2.88281 0.412403
2.89062 0.411833

3.90625 0.381699
3.91406 0.380638

3.91406 0.380639
3.92188 0.379532

2.89062 0.411833
2.89844 0.411278

2.89844 0.411278
2.90625 0.41074

2.31658 0.117188
2.31838 0.125

2.90625 0.410739
2.91406 0.410218

2.91406 0.410218
2.92188 0.409715

3.92188 0.379532
3.92969 0.378379

2.92188 0.409714
2.92969 0.40923

2.92969 0.40923
2.9375 0.408765

2.9375 0.408764
2.94531 0.408319

2.94531 0.40832
2.95312 0.407894

2.95312 0.407893
2.96094 0.407488

2.96094 0.407489
2.96875 0.407103

2.31838 0.125
2.32031 0.132812

2.32028 0.132812
2.32031 0.132938

2.32031 0.132845
2.32236 0.140625

2.32236 0.140625
2.32456 0.148438

2.32456 0.148438
2.32689 0.15625

3.92969 0.37838
3.9375 0.377179

3.9375 0.377179
3.94531 0.375926

3.94531 0.37592
3.95082 0.375

2.32688 0.15625
2.32812 0.160166

4 0.365599
4.00781 0.363875

2.99219 0.40607
2.98787 0.40625

4.00781 0.363876
4.01562 0.362083

2.99219 0.406068
3 0.405761

2.96875 0.407102
2.97656 0.406737

2.97656 0.406737
2.98438 0.406393

4.03125 0.358303
4.02692 0.359375

2.98438 0.406394
2.98783 0.40625

4.01562 0.362083
4.02344 0.360221

3 0.405762
3.00781 0.405472

2.32812 0.160112
2.32938 0.164062

3.00781 0.405473
3.01562 0.405197

3.01562 0.405196
3.02344 0.404934

2.32937 0.164062
2.33199 0.171875

3.02344 0.404934
3.03125 0.404686

3.03125 0.404686
3.03906 0.404452

3.03906 0.404452
3.04688 0.404233

2.33199 0.171875
2.33476 0.179688

3.04688 0.404233
3.05469 0.404028

3.05469 0.404028
3.0625 0.403838

4.02344 0.360203
4.02678 0.359375

3.0625 0.403838
3.07031 0.403662

3.07031 0.403662
3.07812 0.403501

2.33474 0.179688
2.33594 0.182882

2.33594 0.182839
2.33768 0.1875

2.33767 0.1875
2.34074 0.195312

2.34074 0.195312
2.34375 0.202566

2.34375 0.202556
2.34399 0.203125

2.34398 0.203125
2.34739 0.210938

4.03125 0.358289
4.03906 0.356276

2.34739 0.210938
2.35098 0.21875

2.35093 0.21875
2.35156 0.220066

2.35156 0.219948
2.35476 0.226562

2.35474 0.226562
2.35872 0.234375

4.03906 0.356277
4.04688 0.354182

2.35864 0.234375
2.35938 0.235748

2.35938 0.235578
2.36291 0.242188

4.04688 0.354183
4.05469 0.352002

2.3629 0.242188
2.36719 0.249814

2.36719 0.249809
2.36729 0.25

4.0625 0.349735
4.05621 0.351562

4.05469 0.351992
4.05616 0.351562

3.07812 0.4035
3.08594 0.403353

4.08594 0.342383
4.08176 0.34375

4.08594 0.342362
4.09375 0.339705

3.08594 0.403353
3.09375 0.403219

2.36715 0.25
2.36719 0.250065

3.09375 0.403219
3.10156 0.403098

4.0625 0.349734
4.07031 0.347371

2.36729 0.25
2.37191 0.257812

4.07031 0.347371
4.07812 0.344914

4.07812 0.344888
4.0816 0.34375

4.09375 0.339706
4.10156 0.336939

3.10156 0.403099
3.10938 0.402991

4.10938 0.334075
4.10432 0.335938

4.10156 0.336909
4.1042 0.335938

3.10938 0.402991
3.11719 0.402895

4.125 0.327994
4.12467 0.328125

4.10938 0.334061
4.11719 0.331064

4.11719 0.331063
4.12455 0.328125

3.11719 0.402896
3.125 0.402812

4.16406 0.310333
4.15964 0.3125

4.16406 0.310302
4.17188 0.306313

3.125 0.402812
3.13281 0.402741

3.13281 0.402741
3.14062 0.40268

2.37189 0.257812
2.375 0.262811

3.14062 0.40268
3.14844 0.402629

4.17969 0.302181
4.17498 0.304688

4.17188 0.306271
4.17485 0.304688

2.375 0.262746
2.37679 0.265625

4.17969 0.302153
4.1875 0.297812

3.14844 0.40263
3.15625 0.402589

4.125 0.327949
4.13281 0.324701

3.15625 0.402589
3.16406 0.402558

4.13281 0.324703
4.14062 0.321319

4.14844 0.317805
4.14288 0.320312

3.16406 0.402558
3.17188 0.402535

3.17188 0.402535
3.17969 0.40252

3.17969 0.402521
3.1875 0.402514

4.14062 0.321293
4.1428 0.320312

3.1875 0.402513
3.19531 0.402513

3.19531 0.402514
3.20312 0.40252

3.20312 0.402519
3.21094 0.402531

4.14844 0.317795
4.15625 0.314122

3.21094 0.402532
3.21875 0.402548

4.15625 0.314079
4.15948 0.3125

3.21875 0.402548
3.22656 0.40257

4.21875 0.278492
4.21459 0.28125

3.22656 0.40257
3.23438 0.402596

3.23438 0.402596
3.24219 0.402625

4.19531 0.293299
4.18914 0.296875

2.37676 0.265625
2.38186 0.273438

4.20312 0.288695
4.20251 0.289062

4.19531 0.29328
4.20228 0.289062

2.38177 0.273438
2.38281 0.275006

3.24219 0.402625
3.25 0.402657

2.38281 0.274793
2.38725 0.28125

2.38719 0.28125
2.39062 0.285994

3.25 0.402657
3.25781 0.402692

3.25781 0.402692
3.26562 0.402729

3.26562 0.402729
3.27344 0.402767

3.27344 0.402767
3.28125 0.402806

4.1875 0.297779
4.18906 0.296875

3.28125 0.402806
3.28906 0.402846

3.28906 0.402846
3.29688 0.402886

2.39062 0.28584
2.39294 0.289062

3.29688 0.402886
3.30469 0.402926

3.30469 0.402926
3.3125 0.402965

2.39289 0.289062
2.39844 0.296327

3.3125 0.402965
3.32031 0.403003

3.32031 0.403003
3.32812 0.403039

4.20312 0.288567
4.21094 0.283622

3.32812 0.403039
3.33594 0.403074

3.33594 0.403074
3.34375 0.403106

2.39844 0.296321
2.39886 0.296875

3.34375 0.403106
3.35156 0.403136

3.35156 0.403136
3.35938 0.403163

2.39884 0.296875
2.40514 0.304688

3.35938 0.403163
3.36719 0.403187

3.36719 0.403187
3.375 0.403207

2.40498 0.304688
2.40625 0.306224

4.21094 0.283577
4.21445 0.28125

4.22656 0.273238
4.22627 0.273438

4.21875 0.278441
4.22596 0.273438

3.375 0.403207
3.38281 0.403223

3.38281 0.403224
3.39062 0.403236

2.40625 0.305941
2.41184 0.3125

3.39062 0.403236
3.39844 0.403243

4.22656 0.273033
4.23438 0.26735

4.24219 0.261422
4.23667 0.265625

4.25 0.255236
4.24675 0.257812

3.39844 0.403244
3.40625 0.403247

2.41162 0.3125
2.41406 0.315265

3.40625 0.403247
3.41406 0.403245

3.41406 0.403245
3.42188 0.403238

3.42188 0.403238
3.42969 0.403225

3.42969 0.403225
3.4375 0.403207

2.41406 0.31489
2.41891 0.320312

3.4375 0.403207
3.44531 0.403183

3.44531 0.403183
3.45312 0.403153

2.41877 0.320312
2.42188 0.323638

3.45312 0.403152
3.46094 0.403116

3.46094 0.403116
3.46875 0.403073

4.24219 0.261336
4.24663 0.257812

3.46875 0.403073
3.47656 0.403022

3.47656 0.403023
3.48438 0.402966

3.48438 0.402966
3.49219 0.402901

4.23438 0.267279
4.2366 0.265625

3.49219 0.402902
3.5 0.40283

4.375 0.0394043
4.37395 0.046875

3.5 0.40283
3.50781 0.402751

2.42188 0.323459
2.42634 0.328125

3.50781 0.402752
3.51562 0.402665

4.37395 0.046875
4.37264 0.0546875

3.51562 0.402665
3.52344 0.402571

3.52344 0.402571
3.53125 0.40247

4.37264 0.0546875
4.37112 0.0625

3.53125 0.40247
3.53906 0.40236

4.37112 0.0625
4.36939 0.0703125

4.36939 0.0703125
4.36744 0.078125

4.36719 0.0790389
4.36528 0.0859375

4.36528 0.0859375
4.36289 0.09375

4.36719 0.0790276
4.36744 0.078125

3.53906 0.40236
3.54688 0.402243

4.35938 0.104073
4.35745 0.109375

4.35156 0.123846
4.35107 0.125

4.35744 0.109375
4.35436 0.117188

3.54688 0.402243
3.55469 0.402118

3.55469 0.402118
3.5625 0.401985

2.42619 0.328125
2.42969 0.331644

3.5625 0.401985
3.57031 0.401843

3.57031 0.401844
3.57812 0.401694

2.42969 0.331463
2.4343 0.335938

3.57812 0.401694
3.58594 0.401536

3.58594 0.401537
3.59375 0.401371

2.43407 0.335938
2.4375 0.339174

3.59375 0.401371
3.60156 0.401196

2.4375 0.339038
2.44274 0.34375

3.60156 0.401197
3.60938 0.401014

3.60938 0.401014
3.61719 0.400822

2.4425 0.34375
2.44531 0.346235

3.61719 0.400823
3.625 0.400622

4.35156 0.123743
4.35436 0.117188

4.36289 0.09375
4.36028 0.101562

4.35938 0.104026
4.36027 0.101562

4.25781 0.248746
4.25634 0.25

4.26562 0.241826
4.26523 0.242188

4.25781 0.24858
4.26503 0.242188

4.28125 0.226651
4.27344 0.234375

4.26562 0.241675
4.27343 0.234375

4.28906 0.218566
4.28889 0.21875

4.29688 0.209836
4.29592 0.210938

4.28906 0.218433
4.29581 0.210938

4.30469 0.200415
4.30251 0.203125

4.3125 0.190363
4.30875 0.195312

4.30469 0.200317
4.30869 0.195312

4.29688 0.20966
4.30243 0.203125

4.28879 0.21875
4.28133 0.226562

4.28125 0.226646
4.28133 0.226562

4.34375 0.140477
4.34368 0.140625

4.33594 0.154933
4.3352 0.15625

4.34362 0.140625
4.33951 0.148438

4.33594 0.154789
4.3395 0.148438

4.32812 0.167784
4.32553 0.171875

4.32024 0.179688
4.31465 0.1875

4.32031 0.179577
4.32551 0.171875

4.33514 0.15625
4.33047 0.164062

4.32812 0.167725
4.33045 0.164062

4.35104 0.125
4.34746 0.132812

4.34375 0.140354
4.34746 0.132812

4.3125 0.19033
4.31458 0.1875

4.37756 0
4.37746 0.0078125

4.37746 0.0078125
4.37716 0.015625

4.37716 0.015625
4.37665 0.0234375

4.37666 0.0234375
4.37595 0.03125

4.37595 0.03125
4.37504 0.0390625

4.375 0.0393941
4.37505 0.0390625

4.25 0.255111
4.25608 0.25

2.44531 0.346115
2.45171 0.351562

2.45146 0.351562
2.45312 0.352945

3.625 0.400622
3.63281 0.400412

3.63281 0.400412
3.64062 0.400193

3.64062 0.400193
3.64844 0.399963

3.64844 0.399964
3.65625 0.399723

3.65625 0.399723
3.66406 0.399471

3.66406 0.399471
3.67188 0.399207

3.67188 0.399207
3.67969 0.398929

3.67969 0.398929
3.6875 0.398635

3.69531 0.398324
3.69248 0.398438

3.6875 0.398636
3.69245 0.398438

3.69531 0.398323
3.70312 0.397989

3.70312 0.397989
3.71094 0.397637

3.71094 0.397637
3.71875 0.397269

2.45312 0.352803
2.46094 0.359058

2.46094 0.359035
2.46138 0.359375

2.46136 0.359375
2.46875 0.364928

2.46875 0.364853
2.47208 0.367188

2.4719 0.367188
2.47656 0.370469

2.47656 0.370401
2.48354 0.375

2.48328 0.375
2.48438 0.375687

2.48438 0.375567
2.49219 0.380375

2.49219 0.380307
2.49655 0.382812

2.49632 0.382812
2.5 0.384924

3.71875 0.39727
3.72656 0.396884

3.72656 0.396884
3.73438 0.396482

3.73438 0.396482
3.74219 0.396061

3.74219 0.396061
3.75 0.395622

2.5 0.384851
2.50781 0.389043

2.50781 0.388973
2.51112 0.390625

2.51088 0.390625
2.51562 0.392992

2.51562 0.392938
2.52344 0.396552

2.52344 0.396506
2.52794 0.398438

2.52773 0.398438
2.53125 0.399948

2.53125 0.399892
2.53906 0.402995

2.53906 0.402995
2.54688 0.405861

2.54688 0.405839
2.54809 0.40625

2.54803 0.40625
2.55469 0.4085

2.55469 0.408496
2.5625 0.410914

2.5625 0.410912
2.57031 0.413116

2.57031 0.413098
2.57407 0.414062

2.57396 0.414062
2.57812 0.41513

3.75 0.395622
3.75781 0.395165

3.75781 0.395165
3.76562 0.39469

3.76562 0.394689
3.77344 0.394194

3.77344 0.394195
3.78125 0.393679

3.78125 0.393679
3.78906 0.393142

3.78906 0.393143
3.79688 0.392584

3.79688 0.392583
3.80469 0.392001

3.80469 0.392002
3.8125 0.391395

2.57812 0.415115
2.58594 0.416924

2.58594 0.416924
2.59375 0.418541

2.59375 0.41854
2.60156 0.41997

2.60156 0.419968
2.60938 0.421216

2.60938 0.421209
2.61424 0.421875

2.61413 0.421875
2.61719 0.422293

2.61719 0.42228
2.625 0.423185

2.625 0.423182
2.63281 0.423936

2.63281 0.423935
2.64062 0.424543

2.64062 0.424542
2.64844 0.425009

2.64844 0.425007
2.65625 0.42534

2.65625 0.425335
2.66406 0.425547

2.66406 0.425545
2.67188 0.425647

2.67188 0.425643
2.67969 0.425646

2.67969 0.425644
2.6875 0.425559

2.6875 0.425557
2.69531 0.425394

2.69531 0.425392
2.70312 0.425158

2.70312 0.425156
2.71094 0.42486

2.71094 0.424858
2.71875 0.424506

2.71875 0.424505
2.72656 0.424103

2.72656 0.424101
2.73438 0.423655

2.73438 0.423652
2.74219 0.423171

2.74219 0.423174
2.75 0.422659

2.76562 0.421529
2.76091 0.421875

2.75 0.422657
2.75781 0.422108

2.75781 0.422107
2.76096 0.421875

