4.98438 0.347621
4.99219 0.348465

4.99219 0.348467
5 0.349262

5 0.34926
5.00781 0.350007

7.17969 0.245379
7.17276 0.25

7.1875 0.239879
7.18423 0.242188

7.17969 0.245269
7.18404 0.242188

7.25 0.181834
7.24527 0.1875

5.00781 0.350006
5.01562 0.350714

5.01562 0.350712
5.02344 0.351386

5.02344 0.351389
5.02557 0.351562

5.02552 0.351562
5.03125 0.352027

5.03125 0.352025
5.03906 0.352606

5.03906 0.352608
5.04688 0.353134

5.04688 0.353131
5.05469 0.353604

5.05469 0.353604
5.0625 0.354032

6 0.359589
6.00781 0.359599

6.00781 0.359603
6.01562 0.359614

6.01562 0.35961
6.02344 0.35962

6.02344 0.359625
6.03125 0.359634

6.03125 0.359631
6.03906 0.359638

6.03906 0.359643
6.04688 0.359647

6.04688 0.359643
6.05469 0.359644

6.05469 0.359648
6.0625 0.359645

4.83452 0
4.83448 0.0078125

4.83448 0.0078125
4.83437 0.015625

4.83437 0.015625
4.83417 0.0234375

4.83417 0.0234375
4.8339 0.03125

4.8339 0.03125
4.83355 0.0390625

7.21875 0.214704
7.21413 0.21875

4.83355 0.0390625
4.83312 0.046875

5.0625 0.354027
5.07031 0.354422

6.0625 0.35964
6.07031 0.359633

7.19531 0.234265
7.19516 0.234375

6.07031 0.359637
6.07812 0.359627

7.19531 0.23409
7.20312 0.228004

5.07031 0.354422
5.07812 0.354793

4.83312 0.046875
4.83261 0.0546875

6.07812 0.359622
6.08594 0.359612

7.1875 0.239783
7.19484 0.234375

5.07812 0.354789
5.08594 0.355142

4.83261 0.0546875
4.83202 0.0625

6.08594 0.359616
6.09375 0.359607

4.83202 0.0625
4.83136 0.0703125

6.09375 0.359602
6.10156 0.359598

4.83136 0.0703125
4.83061 0.078125

7.21094 0.221512
7.20485 0.226562

4.83061 0.078125
4.82979 0.0859375

5.08594 0.355143
5.09375 0.35548

5.09375 0.355478
5.10156 0.355802

7.20312 0.22793
7.20481 0.226562

7.21094 0.221437
7.21406 0.21875

4.82979 0.0859375
4.8289 0.09375

4.82812 0.0998961
4.82792 0.101562

6.10156 0.359602
6.10938 0.359604

5.10156 0.355805
5.10938 0.356115

7.23438 0.199466
7.23082 0.203125

5.10938 0.356112
5.11719 0.356409

7.22656 0.207308
7.22274 0.210938

5.11719 0.356412
5.125 0.356698

5.125 0.356695
5.13281 0.356972

6.10938 0.3596
6.11719 0.359609

6.11719 0.359614
6.125 0.359631

7.21875 0.214552
7.22267 0.210938

7.22656 0.207236
7.23073 0.203125

4.82792 0.101562
4.82687 0.109375

4.82687 0.109375
4.82575 0.117188

5.13281 0.356975
5.14062 0.357242

5.14062 0.357238
5.14844 0.357497

5.14844 0.357501
5.15625 0.357751

5.15625 0.357748
5.16406 0.357988

5.16406 0.357992
5.17188 0.35822

5.17188 0.358215
5.17969 0.358429

4.82575 0.117188
4.82456 0.125

4.82812 0.0999077
4.82889 0.09375

6.125 0.359628
6.13281 0.359649

6.13281 0.359654
6.14062 0.359676

6.14062 0.359673
6.14844 0.359688

6.14844 0.359694
6.15625 0.359697

6.15625 0.359694
6.16406 0.359681

6.16406 0.359685
6.17188 0.359654

4.8125 0.194969
4.81245 0.195312

4.81244 0.195312
4.81134 0.203125

7.24219 0.190927
7.23827 0.195312

7.23438 0.199372
7.23817 0.195312

7.24219 0.190903
7.24517 0.1875

7.02344 0.312175
7.02215 0.3125

7.02344 0.312155
7.03125 0.310111

7.03125 0.310117
7.03906 0.307927

4.81132 0.203125
4.8104 0.210938

5.17969 0.358434
5.1875 0.358631

6.17188 0.359649
6.17969 0.359602

7.03906 0.307905
7.04688 0.305601

4.81038 0.210938
4.8097 0.21875

5.1875 0.358626
5.19531 0.358805

4.80968 0.21875
4.80935 0.226562

5.19531 0.358811
5.20312 0.358967

4.80933 0.226562
4.80942 0.234375

5.20312 0.358963
5.21094 0.359093

4.80941 0.234375
4.80999 0.242188

6.17969 0.359605
6.1875 0.359544

4.80999 0.242188
4.81109 0.25

6.20312 0.35937
6.20261 0.359375

5.21094 0.359099
5.21875 0.3592

6.1875 0.359539
6.19531 0.359466

5.21875 0.359194
5.22656 0.359266

4.82456 0.125
4.82331 0.132812

5.22656 0.359273
5.23438 0.359315

4.82331 0.132812
4.82201 0.140625

6.19531 0.35947
6.20312 0.35939

4.82031 0.150304
4.81925 0.15625

6.20312 0.359373
6.21094 0.35931

5.23438 0.359305
5.24219 0.359323

6.21094 0.359326
6.21875 0.359284

7.05469 0.303241
7.04992 0.304688

4.822 0.140625
4.82065 0.148438

6.21875 0.359262
6.22656 0.359254

5.24219 0.359327
5.25 0.359333

6.22656 0.35927
6.23438 0.35931

7.04688 0.305577
7.04981 0.304688

5.25 0.359324
5.25781 0.359327

5.25781 0.359338
5.26562 0.359334

4.82031 0.150315
4.82065 0.148438

4.81925 0.15625
4.81784 0.164062

4.81784 0.164062
4.81642 0.171875

4.81641 0.171875
4.81502 0.179688

4.81502 0.179688
4.81369 0.1875

5.26562 0.359314
5.27344 0.359318

5.27344 0.359331
5.28125 0.359356

7.05469 0.303238
7.0625 0.30079

7 0.317925
7.00781 0.316043

7.00781 0.316033
7.01562 0.314096

7.01562 0.314082
7.02191 0.3125

4.8125 0.194977
4.81368 0.1875

5.28125 0.359358
5.28906 0.359373

5.28906 0.359375
5.29688 0.359369

5.29105 0.359375
5.29688 0.359382

5.29688 0.359353
5.30469 0.359357

5.30469 0.359373
5.30599 0.359375

5.30359 0.359375
5.30469 0.359376

4.81106 0.25
4.8125 0.256846

4.8125 0.256691
4.81274 0.257812

6.23438 0.359306
6.24219 0.359369

4.81263 0.257812
4.81503 0.265625

6.24071 0.359375
6.24219 0.359387

5.30469 0.359376
5.3125 0.35939

5.3125 0.359374
5.31723 0.359375

4.81503 0.265625
4.81832 0.273438

6.24219 0.359388
6.25 0.359443

7.07812 0.295694
7.07459 0.296875

6.25 0.359445
6.25781 0.359454

4.81828 0.273438
4.82031 0.277215

6.25781 0.359466
6.26562 0.359404

4.82031 0.277079
4.82256 0.28125

7.0625 0.300778
7.07031 0.298258

7.07031 0.298255
7.07444 0.296875

7.07812 0.295691
7.08594 0.292896

7.08594 0.292879
7.09375 0.289888

4.82237 0.28125
4.8278 0.289062

4.82751 0.289062
4.82812 0.289832

5.3125 0.359384
5.32031 0.359386

5.32031 0.359388
5.32812 0.359384

5.32812 0.359375
5.33594 0.359372

5.34375 0.359369
5.33751 0.359375

5.32812 0.35938
5.33594 0.359376

5.33594 0.359385
5.34375 0.359378

4.82812 0.289426
4.83484 0.296875

4.83451 0.296875
4.83594 0.298274

6.27344 0.359278
6.26566 0.359375

6.27344 0.359281
6.28125 0.359199

7.11719 0.280056
7.11446 0.28125

7.11719 0.280027
7.125 0.276423

7.10156 0.28674
7.09582 0.289062

7.09375 0.289874
7.09576 0.289062

4.83594 0.297882
4.84368 0.304688

4.84352 0.304688
4.84375 0.304869

6.28125 0.359202
6.28906 0.359123

6.28906 0.359131
6.29688 0.359034

6.29688 0.359025
6.30469 0.358914

6.30469 0.35892
6.3125 0.358801

6.3125 0.358792
6.32031 0.358669

6.32031 0.358675
6.32812 0.358554

4.84375 0.30459
4.84388 0.304688

5.34375 0.359358
5.35156 0.359363

7.10156 0.286722
7.10938 0.283414

6.32812 0.358548
6.33594 0.358432

4.84378 0.304688
4.85156 0.31041

6.33594 0.358437
6.34375 0.358325

4.85156 0.310312
4.8551 0.3125

7.10938 0.283368
7.11421 0.28125

7.13281 0.272669
7.13124 0.273438

6.34375 0.358321
6.35156 0.358211

6.35156 0.358216
6.35938 0.358109

4.85486 0.3125
4.85938 0.315288

5.34551 0.359375
5.35156 0.359378

7.125 0.276373
7.13101 0.273438

6.35938 0.358104
6.36719 0.358

4.85938 0.315141
4.86719 0.319243

6.36719 0.358005
6.375 0.357903

5.35156 0.359383
5.35938 0.359393

7.13281 0.272587
7.14062 0.268594

5.35938 0.359379
5.36719 0.359384

7.14844 0.264505
7.14633 0.265625

6.375 0.357899
6.38281 0.357798

4.86719 0.319142
4.86969 0.320312

5.36719 0.359393
5.375 0.359402

7.14844 0.264461
7.15625 0.260089

5.375 0.359397
5.38281 0.359403

7.14062 0.268548
7.14612 0.265625

5.38281 0.359406
5.39062 0.359411

7.16406 0.25548
7.16014 0.257812

5.39062 0.359406
5.39844 0.359411

6.38281 0.357802
6.39062 0.357702

5.39844 0.359415
5.40625 0.359419

6.39062 0.357697
6.39844 0.357597

7.15625 0.260033
7.15999 0.257812

4.86955 0.320312
4.875 0.322861

7.16406 0.25543
7.17188 0.250542

6.39844 0.357601
6.40625 0.357501

5.40625 0.359415
5.41406 0.35942

6.40625 0.357498
6.41406 0.357396

5.41406 0.359424
5.42188 0.359428

4.875 0.322866
4.88281 0.326144

5.42188 0.359424
5.42969 0.359428

4.88281 0.326132
4.8883 0.328125

6.41406 0.3574
6.42188 0.357297

7.17188 0.250541
7.17272 0.25

5.42969 0.359433
5.4375 0.359437

7.3125 0.0372387
7.31229 0.0390625

5.4375 0.359433
5.44531 0.359437

7.31228 0.0390625
7.31115 0.046875

7.31114 0.046875
7.30976 0.0546875

6.42188 0.357293
6.42969 0.357188

6.42969 0.357192
6.4375 0.357086

5.44531 0.359441
5.45312 0.359446

5.45312 0.359441
5.46094 0.359446

4.88813 0.328125
4.89062 0.32903

7.30975 0.0546875
7.30813 0.0625

6.4375 0.357083
6.44531 0.356975

5.46094 0.35945
5.46875 0.359454

4.89062 0.328948
4.89844 0.331404

4.89844 0.331386
4.90625 0.333575

6.44531 0.356978
6.45312 0.356866

6.45312 0.356863
6.46094 0.356749

6.46094 0.356752
6.46875 0.356636

6.46875 0.356634
6.47656 0.356514

6.47656 0.356517
6.48438 0.356394

6.48438 0.356391
6.49219 0.356265

4.90625 0.333546
4.91406 0.335565

4.91406 0.335553
4.91564 0.335938

5.46875 0.35945
5.47656 0.359454

5.47656 0.359458
5.48438 0.359462

7.30469 0.0765968
7.30429 0.078125

7.30814 0.0625
7.30631 0.0703125

7.30469 0.0765112
7.3063 0.0703125

7.30429 0.078125
7.30203 0.0859375

4.91557 0.335938
4.92188 0.337475

5.48438 0.359458
5.49219 0.359461

6.49219 0.356268
6.5 0.356139

7.30203 0.0859375
7.2995 0.09375

4.92188 0.337487
4.92969 0.339252

5.49219 0.359466
5.5 0.359469

4.92969 0.339257
4.9375 0.34084

6.5 0.356136
6.50781 0.356004

5.5 0.359465
5.50781 0.359468

6.50781 0.356006
6.51562 0.355869

5.50781 0.359472
5.51562 0.359475

7.29688 0.101214
7.29675 0.101562

5.51562 0.35947
5.52344 0.359473

7.29674 0.101562
7.29367 0.109375

5.52344 0.359477
5.53125 0.359479

7.28906 0.119631
7.28651 0.125

5.53125 0.359475
5.53906 0.359476

7.29366 0.109375
7.29023 0.117188

6.51562 0.355867
6.52344 0.355727

7.28906 0.119572
7.29019 0.117188

5.53906 0.35948
5.54688 0.359481

5.54688 0.359477
5.55469 0.359477

5.55469 0.359481
5.5625 0.359482

5.5625 0.359477
5.57031 0.359477

7.29688 0.101074
7.29948 0.09375

4.9375 0.340832
4.94531 0.342237

6.52344 0.355729
6.53125 0.355586

5.57031 0.359481
5.57812 0.35948

7.31476 0
7.31466 0.0078125

4.94531 0.342227
4.95312 0.343493

6.53125 0.355585
6.53906 0.355437

5.57812 0.359476
5.58594 0.359475

6.53906 0.355438
6.54688 0.355284

5.58594 0.359479
5.59375 0.359478

4.95312 0.343477
4.95495 0.34375

5.59375 0.359474
5.60156 0.359473

4.95491 0.34375
4.96094 0.34465

6.54688 0.355282
6.55469 0.355123

6.55469 0.355126
6.5625 0.354963

4.96094 0.344655
4.96875 0.345732

5.60156 0.359477
5.60938 0.359475

7.31466 0.0078125
7.31436 0.015625

6.5625 0.354961
6.57031 0.354794

4.96875 0.345724
4.97656 0.346715

6.57031 0.354796
6.57812 0.354622

5.60938 0.359471
5.61719 0.35947

7.31436 0.015625
7.31388 0.0234375

5.61719 0.359474
5.625 0.359473

7.31389 0.0234375
7.31319 0.03125

6.57812 0.35462
6.58594 0.354441

6.58594 0.354443
6.59375 0.354257

7.3125 0.0369137
7.31316 0.03125

7.28125 0.135316
7.27836 0.140625

5.625 0.359469
5.63281 0.359468

5.63281 0.359472
5.64062 0.359471

4.97656 0.346719
4.98438 0.347631

6.59375 0.354256
6.60156 0.354063

7.27344 0.148953
7.26883 0.15625

5.64062 0.359467
5.64844 0.359467

6.60156 0.354065
6.60938 0.353864

7.27833 0.140625
7.27374 0.148438

6.60938 0.353863
6.61719 0.353654

5.64844 0.359471
5.65625 0.359471

6.61719 0.353656
6.625 0.353439

6.625 0.353437
6.63281 0.35321

6.63281 0.353212
6.64062 0.352973

6.64062 0.352971
6.64844 0.35272

6.64844 0.352722
6.65625 0.352457

5.65625 0.359467
5.66406 0.359467

5.66406 0.359471
5.67188 0.359472

5.67188 0.359468
5.67969 0.35947

5.67969 0.359474
5.6875 0.359476

5.6875 0.359472
5.69531 0.359475

5.69531 0.359479
5.70312 0.359482

5.70312 0.359478
5.71094 0.359482

5.71094 0.359486
5.71875 0.35949

5.71875 0.359486
5.72656 0.35949

5.72656 0.359495
5.73438 0.359499

5.73438 0.359495
5.74219 0.3595

5.74219 0.359504
5.75 0.359509

6.65625 0.352455
6.66406 0.352178

5.75 0.359505
5.75781 0.35951

6.66406 0.352179
6.67188 0.351895

7.27344 0.148927
7.27373 0.148438

6.67188 0.351895
6.67969 0.351603

5.75781 0.359514
5.76562 0.359519

6.6875 0.351298
6.68089 0.351562

7.26562 0.161043
7.26358 0.164062

6.67969 0.351609
6.68086 0.351562

6.6875 0.351297
6.69531 0.350951

7.26353 0.164062
7.25783 0.171875

6.69531 0.350949
6.70312 0.350575

5.76562 0.359515
5.77344 0.359519

6.70312 0.350574
6.71094 0.35018

6.71094 0.350179
6.71875 0.34977

5.77344 0.359524
5.78125 0.359527

7.25781 0.171882
7.25173 0.179688

6.71875 0.349769
6.72656 0.349349

7.25 0.181775
7.25169 0.179688

5.78125 0.359523
5.78906 0.359526

7.26562 0.160923
7.2688 0.15625

6.72656 0.349349
6.73438 0.348919

7.2865 0.125
7.28256 0.132812

7.28125 0.135226
7.28256 0.132812

5.78906 0.359531
5.79688 0.359534

5.79688 0.359529
5.80469 0.359531

5.80469 0.359536
5.8125 0.359537

5.8125 0.359533
5.82031 0.359535

6.73438 0.348918
6.74219 0.348477

6.74219 0.348478
6.75 0.348025

5.82031 0.359539
5.82812 0.35954

5.82812 0.359536
5.83594 0.359537

6.75 0.348025
6.75781 0.347555

6.75781 0.347556
6.76562 0.347067

6.76562 0.347064
6.77344 0.34656

6.77344 0.346563
6.78125 0.346045

5.83594 0.359541
5.84375 0.359542

5.84375 0.359538
5.85156 0.359539

5.85156 0.359543
5.85938 0.359545

5.85938 0.359541
5.86719 0.359543

5.86719 0.359547
5.875 0.35955

5.875 0.359546
5.88281 0.359549

6.78125 0.346041
6.78906 0.345512

6.78906 0.345518
6.79688 0.344972

6.79688 0.344965
6.80469 0.344405

6.80469 0.344413
6.8125 0.343838

6.82031 0.343229
6.81371 0.34375

6.82031 0.343225
6.82812 0.342561

6.82812 0.342552
6.83594 0.341863

6.83594 0.341869
6.84375 0.341161

6.8125 0.343841
6.81366 0.34375

6.84375 0.341157
6.85156 0.340425

6.85156 0.340431
6.85938 0.339668

6.85938 0.339667
6.86719 0.338863

6.86719 0.338866
6.875 0.338021

6.875 0.338017
6.88281 0.337132

6.88281 0.33713
6.89062 0.336215

5.88281 0.359553
5.89062 0.359557

5.89062 0.359552
5.89844 0.359556

5.89844 0.35956
5.90625 0.359563

5.90625 0.359559
5.91406 0.359562

6.89844 0.335273
6.89298 0.335938

6.89062 0.336216
6.89291 0.335938

6.89844 0.33527
6.90625 0.33427

6.90625 0.33427
6.91406 0.333222

5.91406 0.359566
5.92188 0.359569

5.92188 0.359564
5.92969 0.359566

5.92969 0.35957
5.9375 0.359571

5.9375 0.359567
5.94531 0.359567

6.91406 0.333225
6.92188 0.332122

6.92188 0.332114
6.92969 0.330965

5.94531 0.359572
5.95312 0.359572

5.95312 0.359568
5.96094 0.359568

5.96094 0.359572
5.96875 0.359573

5.96875 0.359569
5.97656 0.359571

5.97656 0.359576
5.98438 0.35958

5.98438 0.359575
5.99219 0.359581

5.99219 0.359586
6 0.359593

6.92969 0.330964
6.9375 0.329783

6.95312 0.327393
6.94845 0.328125

6.9375 0.329772
6.94531 0.328584

6.94531 0.328602
6.94836 0.328125

6.95312 0.327392
6.96094 0.326069

6.96094 0.326071
6.96875 0.324634

6.96875 0.324631
6.97656 0.323082

6.97656 0.323074
6.98438 0.321433

6.99219 0.31974
6.98958 0.320312

6.98438 0.321419
6.98942 0.320312

6.99219 0.319726
7 0.317931

