3.60938 0.173221
3.61137 0.179688

3.61137 0.179688
3.61393 0.1875

5.5 0.348725
5.50781 0.347558

5.50781 0.34756
5.51562 0.346341

3.5854 0
3.58545 0.0078125

3.58545 0.0078125
3.58558 0.015625

3.58558 0.015625
3.5858 0.0234375

5.51562 0.346339
5.52344 0.345066

3.5858 0.0234375
3.58594 0.026991

5.52344 0.345064
5.53121 0.34375

3.58594 0.0269383
3.58611 0.03125

5.53125 0.343746
5.53906 0.342374

3.58611 0.03125
3.5865 0.0390625

5.53906 0.342375
5.54688 0.340946

3.5865 0.0390625
3.587 0.046875

5.54688 0.340945
5.55469 0.339459

3.587 0.046875
3.58759 0.0546875

5.55469 0.339461
5.5625 0.337916

4.5 0.376541
4.50781 0.376537

4.50781 0.376538
4.51562 0.376533

4.51562 0.376531
4.52344 0.376525

5.5625 0.337915
5.57031 0.33631

4.52344 0.376526
4.53125 0.376518

5.57812 0.334649
5.57207 0.335938

5.57031 0.3363
5.57202 0.335938

5.57812 0.334648
5.58594 0.332924

5.58594 0.332926
5.59375 0.331136

4.53125 0.376517
4.53906 0.376508

4.53906 0.37651
4.54688 0.3765

3.58759 0.0546875
3.58829 0.0625

4.54688 0.376498
4.55469 0.376488

3.58829 0.0625
3.58908 0.0703125

4.55469 0.376489
4.5625 0.376477

3.58908 0.0703125
3.58997 0.078125

3.58997 0.078125
3.59096 0.0859375

3.59096 0.0859375
3.59204 0.09375

3.59204 0.09375
3.59322 0.101562

5.60938 0.327382
5.60636 0.328125

4.5625 0.376476
4.57031 0.376463

5.59375 0.331134
5.60156 0.329278

5.60156 0.329262
5.60617 0.328125

5.60938 0.327359
5.61719 0.325349

5.61719 0.325351
5.625 0.323242

3.59321 0.101562
3.59375 0.104845

5.66406 0.311206
5.66018 0.3125

5.66406 0.311186
5.67188 0.308474

3.61392 0.1875
3.61662 0.195312

3.61659 0.195312
3.61719 0.196935

3.61719 0.196855
3.61948 0.203125

3.59375 0.104828
3.5945 0.109375

5.67188 0.308474
5.67969 0.305644

4.57031 0.376465
4.57812 0.376451

3.61947 0.203125
3.6225 0.210938

3.59449 0.109375
3.59589 0.117188

5.6875 0.302709
5.68225 0.304688

4.57812 0.37645
4.58594 0.376435

3.62249 0.210938
3.625 0.217027

3.59589 0.117188
3.59739 0.125

3.625 0.216998
3.62572 0.21875

3.5974 0.125
3.59902 0.132812

3.62571 0.21875
3.62912 0.226562

5.67969 0.305613
5.68214 0.304688

4.58594 0.376436
4.59375 0.376421

3.62912 0.226562
3.63273 0.234375

3.59902 0.132812
3.60075 0.140625

5.625 0.323242
5.63281 0.321031

3.60074 0.140625
3.60156 0.144089

5.64062 0.318724
5.63526 0.320312

3.60156 0.144051
3.6026 0.148438

5.63281 0.321018
5.63519 0.320312

4.59375 0.37642
4.60156 0.376403

3.63264 0.234375
3.63281 0.234724

4.60156 0.376405
4.60938 0.376387

3.63281 0.234541
3.63655 0.242188

4.60938 0.376386
4.61719 0.376368

3.6026 0.148438
3.60458 0.15625

5.64062 0.318719
5.64844 0.316303

3.63653 0.242188
3.64061 0.25

4.61719 0.376369
4.625 0.37635

3.60458 0.15625
3.6067 0.164062

4.625 0.376349
4.63281 0.376329

3.6067 0.164062
3.60896 0.171875

4.63281 0.376331
4.64062 0.37631

3.60894 0.171875
3.60938 0.1733

3.6405 0.25
3.64062 0.250228

5.64844 0.316299
5.65625 0.313786

4.64062 0.376309
4.64844 0.376287

5.65625 0.31376
5.66003 0.3125

5.70312 0.296512
5.70224 0.296875

5.6875 0.302698
5.69531 0.299631

5.69531 0.299621
5.70203 0.296875

3.64062 0.250014
3.64497 0.257812

3.64497 0.257812
3.64844 0.263679

4.64844 0.376289
4.65625 0.376267

5.70312 0.296444
5.71094 0.293103

4.65625 0.376265
4.66406 0.376242

3.64844 0.263635
3.64961 0.265625

4.66406 0.376244
4.67188 0.37622

4.67188 0.376219
4.67969 0.376195

3.64958 0.265625
3.6545 0.273438

5.71094 0.293104
5.71875 0.289603

3.65445 0.273438
3.65625 0.276165

4.67969 0.376196
4.6875 0.376171

3.65625 0.276005
3.65976 0.28125

5.74219 0.278113
5.73606 0.28125

3.65971 0.28125
3.66406 0.287374

3.66406 0.287314
3.6653 0.289062

5.74219 0.27811
5.75 0.27393

5.72656 0.285939
5.71991 0.289062

4.6875 0.37617
4.69531 0.376144

4.69531 0.376146
4.70312 0.376119

3.66522 0.289062
3.67123 0.296875

4.70312 0.376118
4.71094 0.376091

4.71094 0.376093
4.71875 0.376065

3.67101 0.296875
3.67188 0.297942

5.71875 0.289588
5.71987 0.289062

3.67188 0.297583
3.67781 0.304688

3.67767 0.304688
3.67969 0.307004

5.72656 0.285933
5.73438 0.2821

4.71875 0.376063
4.72656 0.376035

4.72656 0.376037
4.73438 0.376008

4.73438 0.376006
4.74219 0.375977

3.67969 0.30675
3.68485 0.3125

5.73438 0.282072
5.73598 0.28125

3.68468 0.3125
3.6875 0.315467

3.6875 0.315239
3.69255 0.320312

4.74219 0.375979
4.75 0.375948

5.78906 0.249791
5.79688 0.244219

5.8125 0.232274
5.80984 0.234375

3.69236 0.320312
3.69531 0.323147

4.75 0.375947
4.75781 0.375916

3.69531 0.323012
3.70096 0.328125

3.70064 0.328125
3.70312 0.330309

3.70312 0.330148
3.71009 0.335938

3.70988 0.335938
3.71094 0.336776

5.80469 0.238379
5.79962 0.242188

4.75781 0.375918
4.76562 0.375887

5.79688 0.244141
5.79955 0.242188

5.80469 0.238301
5.80966 0.234375

4.76562 0.375885
4.77344 0.375853

4.77344 0.375855
4.78125 0.375822

3.71094 0.336645
3.71875 0.342569

5.85938 0.186284
5.85836 0.1875

3.71875 0.342498
3.72057 0.34375

4.78125 0.375821
4.78906 0.375788

3.72045 0.34375
3.72656 0.347982

3.72656 0.347911
3.73234 0.351562

4.78906 0.37579
4.79688 0.375756

4.79688 0.375755
4.80469 0.375721

5.875 0.165918
5.87069 0.171875

4.80469 0.375723
4.8125 0.375689

4.8125 0.375687
4.82031 0.375653

5.86719 0.176476
5.86474 0.179688

4.82031 0.375655
4.82812 0.37562

4.82812 0.375619
4.83594 0.375584

5.85938 0.186143
5.86467 0.179688

4.83594 0.375586
4.84375 0.375551

4.84375 0.37555
4.85156 0.375515

5.86719 0.176393
5.87064 0.171875

4.85156 0.375517
4.85938 0.375482

4.85938 0.375481
4.86719 0.375446

5.82812 0.218743
5.83594 0.211393

4.86719 0.375448
4.875 0.375413

4.96875 0.374994
4.96757 0.375

4.96875 0.374991
4.97656 0.37494

3.73209 0.351562
3.73438 0.352985

4.97656 0.374946
4.98438 0.374891

4.98438 0.374889
4.99219 0.374821

3.73438 0.352883
3.74219 0.357392

5.84375 0.203568
5.83641 0.210938

3.74219 0.357325
3.74612 0.359375

4.99219 0.374823
5 0.374743

3.74584 0.359375
3.75 0.361546

3.75 0.361466
3.75781 0.365111

3.75781 0.365052
3.76292 0.367188

5.83594 0.211379
5.83639 0.210938

3.76265 0.367188
3.76562 0.368432

3.76562 0.368354
3.77344 0.371296

5.82031 0.225809
5.81943 0.226562

3.77344 0.371292
3.78125 0.373932

3.78125 0.373899
3.78491 0.375

5.8125 0.232153
5.81918 0.226562

3.78472 0.375
3.78906 0.376306

3.78906 0.376281
3.79688 0.378336

5.82031 0.225652
5.8281 0.21875

3.79688 0.378336
3.80469 0.380096

3.80469 0.380084
3.8125 0.381575

5.85146 0.195312
5.84418 0.203125

4.875 0.375411
4.88281 0.375377

5.85156 0.195186
5.85828 0.1875

5.84375 0.203557
5.84417 0.203125

4.88281 0.375379
4.89062 0.375344

5.92901 0
5.9289 0.0078125

5.92889 0.0078125
5.92857 0.015625

4.89062 0.375342
4.89844 0.375307

5.92857 0.015625
5.92803 0.0234375

5.92803 0.0234375
5.92726 0.03125

4.89844 0.375309
4.90625 0.375274

4.90625 0.375273
4.91406 0.375238

3.8125 0.381557
3.82015 0.382812

4.91406 0.375239
4.92188 0.375204

4.92188 0.375203
4.92969 0.375168

3.82017 0.382812
3.82031 0.382836

5.92727 0.03125
5.92628 0.0390625

3.82031 0.382839
3.82812 0.383945

4.92969 0.37517
4.9375 0.375135

3.82812 0.383944
3.83594 0.384876

3.83594 0.384876
3.84375 0.385636

4.9375 0.375133
4.94531 0.3751

5.92628 0.0390625
5.92506 0.046875

4.94531 0.375101
4.95312 0.375071

4.95312 0.375072
4.96094 0.37504

5.92506 0.046875
5.92362 0.0546875

4.96094 0.375044
4.96859 0.375

5 0.374741
5.00781 0.37465

5.00781 0.374652
5.01562 0.374549

3.84375 0.385633
3.85156 0.386228

5.92362 0.0546875
5.92195 0.0625

3.85156 0.386227
3.85938 0.386665

5.01562 0.374548
5.02344 0.374434

5.90625 0.110484
5.90328 0.117188

5.02344 0.374435
5.03125 0.37431

5.03125 0.374308
5.03906 0.374172

5.90328 0.117188
5.89954 0.125

5.03906 0.374173
5.04688 0.374027

5.04688 0.374025
5.05469 0.37387

5.92188 0.0628473
5.92006 0.0703125

3.85938 0.386657
3.86719 0.386958

5.92007 0.0703125
5.91792 0.078125

5.05469 0.373871
5.0625 0.373707

5.91406 0.0902415
5.91287 0.09375

5.91793 0.078125
5.91553 0.0859375

5.91406 0.0901792
5.91551 0.0859375

5.92188 0.0628124
5.92196 0.0625

3.86719 0.386955
3.875 0.387138

3.875 0.387133
3.88281 0.387218

3.88281 0.387216
3.89062 0.387217

5.91286 0.09375
5.90993 0.101562

5.90993 0.101562
5.90674 0.109375

3.89062 0.387213
3.89844 0.387145

3.89844 0.387143
3.90625 0.387016

5.90625 0.110447
5.90673 0.109375

3.90625 0.387012
3.91406 0.386835

3.91406 0.386835
3.92188 0.386616

5.88281 0.154467
5.88169 0.15625

5.0625 0.373705
5.07031 0.373533

3.92188 0.386613
3.92969 0.386357

5.07031 0.373534
5.07812 0.373356

5.07812 0.373354
5.08594 0.373169

3.92969 0.386356
3.9375 0.38607

5.89062 0.141611
5.88657 0.148438

3.9375 0.386068
3.94531 0.385758

3.94531 0.385757
3.95312 0.385427

5.88281 0.154337
5.88656 0.148438

3.95312 0.385426
3.96094 0.385081

3.96094 0.38508
3.96875 0.384724

5.89844 0.12716
5.89553 0.132812

5.08594 0.37317
5.09375 0.37298

5.89553 0.132812
5.89121 0.140625

5.89844 0.127106
5.89952 0.125

5.89062 0.141597
5.89119 0.140625

5.88162 0.15625
5.87633 0.164062

3.96875 0.384723
3.97656 0.384357

5.09375 0.372979
5.10156 0.372784

3.97656 0.384357
3.98438 0.383985

3.98438 0.383985
3.99219 0.383609

3.99219 0.383609
4 0.38323

5.875 0.165901
5.87628 0.164062

5.76562 0.265081
5.7647 0.265625

5.75781 0.269556
5.75089 0.273438

4 0.38323
4.00781 0.382849

4.01562 0.382465
4.00858 0.382812

5.10156 0.372785
5.10938 0.372586

5.75 0.273913
5.75085 0.273438

5.10938 0.372585
5.11719 0.372382

4.00781 0.382849
4.00856 0.382812

5.11719 0.372382
5.125 0.372176

5.125 0.372175
5.13281 0.371966

5.13281 0.371967
5.14062 0.371755

5.75781 0.269539
5.76447 0.265625

5.14062 0.371754
5.14844 0.371539

5.14844 0.37154
5.15625 0.371323

5.76562 0.264972
5.77344 0.26015

5.15625 0.371322
5.16406 0.371102

5.16406 0.371103
5.17188 0.370881

5.78125 0.255128
5.77711 0.257812

5.77344 0.2601
5.77697 0.257812

4.01562 0.382462
4.02344 0.382074

5.17188 0.37088
5.17969 0.370655

5.78125 0.255078
5.78873 0.25

5.17969 0.370656
5.1875 0.370427

5.1875 0.370427
5.19531 0.370195

4.02344 0.382073
4.03125 0.381689

4.03125 0.381688
4.03906 0.381309

5.19531 0.370195
5.20312 0.36996

5.20312 0.369959
5.21094 0.369719

4.03906 0.381309
4.04688 0.380937

4.04688 0.380936
4.05469 0.380575

5.21094 0.369719
5.21875 0.369474

5.21875 0.369474
5.22656 0.369222

4.05469 0.380575
4.0625 0.380226

4.0625 0.380225
4.07031 0.37989

5.22656 0.369222
5.23438 0.368964

5.23438 0.368964
5.24219 0.368697

4.07031 0.37989
4.07812 0.379571

4.07812 0.37957
4.08594 0.379267

5.24219 0.368697
5.25 0.368421

4.08594 0.379268
4.09375 0.378983

4.09375 0.378982
4.10156 0.378714

5.25 0.368421
5.25781 0.368134

5.25781 0.368134
5.26562 0.367835

4.10156 0.378714
4.10938 0.378464

4.10938 0.378463
4.11719 0.37823

5.26562 0.367835
5.27344 0.367521

5.27344 0.367522
5.28125 0.367192

4.11719 0.378231
4.125 0.378016

4.125 0.378015
4.13281 0.377817

4.13281 0.377818
4.14062 0.377637

5.28906 0.366841
5.28137 0.367188

5.28125 0.367192
5.28136 0.367188

4.14062 0.377636
4.14844 0.377471

4.14844 0.377473
4.15625 0.377323

5.28906 0.36684
5.29688 0.366467

5.29688 0.366467
5.30469 0.366076

4.15625 0.377322
4.16406 0.377188

4.16406 0.377189
4.17188 0.377068

5.30469 0.366076
5.3125 0.365666

5.3125 0.365666
5.32031 0.365237

4.17188 0.377067
4.17969 0.37696

4.17969 0.376961
4.1875 0.376866

5.32031 0.365237
5.32812 0.364791

5.32812 0.36479
5.33594 0.364326

4.1875 0.376865
4.19531 0.376782

4.19531 0.376783
4.20312 0.376711

5.33594 0.364326
5.34375 0.363844

5.34375 0.363844
5.35156 0.363343

4.20312 0.37671
4.21094 0.376647

4.21094 0.376648
4.21875 0.376595

5.35156 0.363344
5.35938 0.362824

5.35938 0.362824
5.36719 0.362284

4.21875 0.376594
4.22656 0.376549

4.22656 0.37655
4.23438 0.376513

4.23438 0.376512
4.24219 0.376481

4.24219 0.376482
4.25 0.376458

5.36719 0.362285
5.375 0.361724

4.25 0.376457
4.25781 0.376438

5.375 0.361723
5.38281 0.36114

5.38281 0.361143
5.39062 0.360537

4.25781 0.376439
4.26562 0.376425

4.26562 0.376424
4.27344 0.376414

5.40625 0.359257
5.40485 0.359375

5.39062 0.360536
5.39844 0.359905

4.27344 0.376415
4.28125 0.376409

4.28125 0.376408
4.28906 0.376405

5.39844 0.359904
5.40474 0.359375

5.40625 0.359251
5.41406 0.358569

4.28906 0.376407
4.29688 0.376407

4.29688 0.376405
4.30469 0.376408

5.41406 0.35857
5.42188 0.357858

5.42188 0.357857
5.42969 0.357117

5.42969 0.357118
5.4375 0.35635

4.30469 0.376409
4.3125 0.376414

4.3125 0.376412
4.32031 0.376418

4.32031 0.37642
4.32812 0.376427

5.4375 0.356351
5.44531 0.355549

5.44531 0.355551
5.45312 0.354711

4.32812 0.376425
4.33594 0.376434

4.33594 0.376435
4.34375 0.376444

5.45312 0.354712
5.46094 0.35383

5.46094 0.353831
5.46875 0.352903

4.34375 0.376443
4.35156 0.376452

4.35156 0.376453
4.35938 0.376463

5.46875 0.352903
5.47656 0.35193

5.48438 0.350915
5.47941 0.351562

4.35938 0.376462
4.36719 0.376471

4.36719 0.376473
4.375 0.376483

5.47656 0.351924
5.47934 0.351562

5.48438 0.350912
5.49219 0.349844

4.375 0.376481
4.38281 0.37649

4.38281 0.376492
4.39062 0.376501

5.49219 0.349844
5.5 0.348726

4.39062 0.3765
4.39844 0.376508

4.39844 0.376509
4.40625 0.376517

4.40625 0.376516
4.41406 0.376523

4.41406 0.376525
4.42188 0.376531

4.42188 0.37653
4.42969 0.376535

4.42969 0.376536
4.4375 0.376541

4.4375 0.37654
4.44531 0.376544

4.44531 0.376545
4.45312 0.376548

4.45312 0.376546
4.46094 0.376548

4.46094 0.37655
4.46875 0.37655

4.46875 0.376549
4.47656 0.376549

4.47656 0.37655
4.48438 0.376549

4.48438 0.376547
4.49219 0.376545

4.49219 0.376546
4.5 0.376543

