7 0.335471
7.00781 0.334499

7.00781 0.334496
7.01562 0.333485

7.01562 0.333483
7.02344 0.332442

6 0.358831
6.00781 0.358893

6.00781 0.358909
6.01562 0.359031

6.01562 0.359034
6.02344 0.35918

7.02344 0.332446
7.03125 0.331373

6.02344 0.359198
6.03125 0.359326

7.03125 0.331371
7.03906 0.330262

4.9375 0.124596
4.93739 0.125

5 0.33165
5.00781 0.333534

5.00781 0.333516
5.01562 0.335299

5.01562 0.335305
5.01856 0.335938

4.95291 0
4.95287 0.0078125

5.01849 0.335938
5.02344 0.337004

6.03125 0.359309
6.0367 0.359375

5.02344 0.336993
5.03125 0.338552

6.03553 0.359375
6.03906 0.359418

6.03906 0.359425
6.04688 0.359475

6.04688 0.35946
6.05469 0.359461

6.05469 0.359477
6.0625 0.359429

5.03125 0.338548
5.03906 0.340004

6.07031 0.359309
6.06563 0.359375

5.03906 0.340004
5.04688 0.341364

4.95287 0.0078125
4.95275 0.015625

4.95276 0.015625
4.95253 0.0234375

4.95253 0.0234375
4.95217 0.03125

6.07031 0.359293
6.07812 0.359172

5.04688 0.341385
5.05469 0.342606

7.03906 0.330272
7.04688 0.329113

5.05469 0.342589
5.0625 0.343664

7.05469 0.327918
7.05336 0.328125

6.0625 0.359417
6.06551 0.359375

4.95216 0.03125
4.95169 0.0390625

6.07812 0.359138
6.08594 0.359105

4.9517 0.0390625
4.95112 0.046875

5.06233 0.34375
5.0625 0.343776

5.0625 0.343624
5.06345 0.34375

5.06341 0.34375
5.07031 0.344659

5.07031 0.344688
5.07812 0.345685

4.95112 0.046875
4.95041 0.0546875

4.95041 0.0546875
4.94957 0.0625

4.94958 0.0625
4.9486 0.0703125

4.9486 0.0703125
4.94748 0.078125

6.08594 0.359149
6.09375 0.359186

5.07812 0.34568
5.08594 0.346595

7.05469 0.327914
7.0625 0.326607

5.08594 0.346596
5.09375 0.347437

7.04688 0.3291
7.05314 0.328125

6.09375 0.359186
6.10156 0.359208

4.94531 0.0907501
4.94476 0.09375

6.10156 0.359216
6.10938 0.359208

7.0625 0.326604
7.07031 0.325167

6.10938 0.359196
6.11719 0.359168

5.09375 0.347425
5.10156 0.348212

6.11719 0.359178
6.125 0.359132

5.10156 0.348216
5.10938 0.348963

6.125 0.359116
6.13281 0.359065

5.10938 0.34896
5.11719 0.349666

6.13281 0.359076
6.14062 0.359029

7.07031 0.325167
7.07812 0.323606

6.14062 0.359017
6.14844 0.358974

4.94748 0.078125
4.9462 0.0859375

5.11719 0.349666
5.125 0.350335

7.07812 0.323584
7.08594 0.321944

5.125 0.350334
5.13281 0.350968

6.14844 0.358986
6.15625 0.358949

5.13281 0.350969
5.14057 0.351562

6.15625 0.358938
6.16406 0.358903

5.14036 0.351562
5.14062 0.351583

5.14062 0.35157
5.14844 0.352125

4.94531 0.0907197
4.94619 0.0859375

4.94476 0.09375
4.94317 0.101562

4.94317 0.101562
4.94141 0.109375

4.9414 0.109375
4.93948 0.117188

4.9375 0.124571
4.93949 0.117188

4.93738 0.125
4.93506 0.132812

5.14844 0.352127
5.15625 0.352631

6.16406 0.358913
6.17188 0.35888

7.08594 0.321942
7.09354 0.320312

6.17188 0.358869
6.17969 0.358838

4.93506 0.132812
4.93253 0.140625

6.17969 0.35885
6.1875 0.358822

7.09375 0.320284
7.10156 0.318543

6.1875 0.358812
6.19531 0.358784

5.15625 0.352627
5.16406 0.353082

4.92969 0.148681
4.92684 0.15625

5.16406 0.353084
5.17188 0.353495

4.93252 0.140625
4.92978 0.148438

6.19531 0.358795
6.20312 0.358768

6.20312 0.358757
6.21094 0.358731

5.17188 0.353488
5.17969 0.353866

6.21094 0.358742
6.21875 0.358717

5.17969 0.353869
5.1875 0.354224

6.21875 0.358708
6.22656 0.358682

5.1875 0.354219
5.19531 0.354555

6.22656 0.358692
6.23438 0.358665

5.19531 0.354559
5.20312 0.354877

6.23438 0.358655
6.24219 0.358629

4.92969 0.148648
4.92977 0.148438

7.10156 0.318539
7.10938 0.316707

4.92188 0.168194
4.92028 0.171875

5.20312 0.354873
5.21094 0.355175

6.24219 0.358639
6.25 0.358612

7.10938 0.316691
7.11719 0.314809

7.11719 0.314815
7.125 0.312903

5.21094 0.355179
5.21875 0.355465

7.13281 0.310916
7.12668 0.3125

6.25 0.358603
6.25781 0.358574

4.91406 0.185091
4.91289 0.1875

6.25781 0.358584
6.26562 0.358554

5.21875 0.355461
5.22656 0.355732

6.26562 0.358544
6.27344 0.358514

5.22656 0.355736
5.23438 0.355992

5.23438 0.355987
5.24219 0.356229

5.24219 0.356234
5.25 0.356461

5.25 0.356456
5.25781 0.356669

5.25781 0.356674
5.26562 0.356874

7.13281 0.310912
7.14062 0.308739

5.26562 0.356868
5.27344 0.357056

5.27344 0.357062
5.28125 0.357238

7.14062 0.308709
7.14844 0.306448

4.92029 0.171875
4.9167 0.179688

7.15625 0.304212
7.15463 0.304688

7.14844 0.306432
7.1544 0.304688

4.91406 0.185049
4.91666 0.179688

7.15625 0.304188
7.16406 0.301823

6.27344 0.358523
6.28125 0.358492

4.92685 0.15625
4.92368 0.164062

6.28125 0.358483
6.28906 0.35845

7.16406 0.30182
7.17188 0.299324

6.28906 0.358459
6.29688 0.358423

7.17969 0.296815
7.17951 0.296875

6.29688 0.358414
6.30469 0.358377

4.92188 0.16817
4.92365 0.164062

6.30469 0.358387
6.3125 0.358349

4.90625 0.200588
4.90497 0.203125

6.3125 0.358341
6.32031 0.358301

7.17969 0.296763
7.1875 0.293973

7.17188 0.29931
7.17919 0.296875

7.125 0.312931
7.12667 0.3125

7.21875 0.281226
7.21869 0.28125

7.1875 0.293946
7.19531 0.29092

6.32031 0.358309
6.32812 0.358267

5.28125 0.357232
5.28906 0.357395

4.89844 0.21662
4.89746 0.21875

7.20312 0.287775
7.19994 0.289062

4.90494 0.203125
4.90111 0.210938

4.89844 0.216681
4.90108 0.210938

5.28906 0.357402
5.29688 0.357553

5.29688 0.357546
5.30469 0.357687

5.30469 0.357695
5.3125 0.357825

5.3125 0.357818
5.32031 0.357937

4.89062 0.23918
4.89006 0.242188

4.89009 0.242188
4.88988 0.25

4.89742 0.21875
4.89423 0.226562

4.89414 0.226562
4.89164 0.234375

4.89062 0.239413
4.89156 0.234375

4.91288 0.1875
4.90896 0.195312

4.90625 0.200598
4.90892 0.195312

5.32031 0.357945
5.32812 0.358053

7.19531 0.290872
7.19979 0.289062

5.32812 0.358045
5.33594 0.358144

6.32812 0.358258
6.33594 0.358215

6.33594 0.358224
6.34375 0.358179

4.8898 0.25
4.89062 0.255428

4.89062 0.257812
4.89062 0.257833

4.89062 0.25526
4.89101 0.257812

4.89099 0.257812
4.89371 0.265625

4.89368 0.265625
4.89801 0.273438

4.89789 0.273438
4.89844 0.274262

4.89844 0.273896
4.90398 0.28125

4.90367 0.28125
4.90625 0.284155

4.90625 0.283642
4.9116 0.289062

5.33594 0.358153
5.34375 0.358242

5.34375 0.358234
5.35156 0.358313

5.35156 0.358322
5.35938 0.358392

5.35938 0.358382
5.36719 0.358444

7.20312 0.287748
7.21094 0.284478

5.36719 0.358454
5.375 0.358508

4.91146 0.289062
4.91406 0.291431

6.34375 0.358171
6.35156 0.358124

7.21094 0.284481
7.21833 0.28125

6.35156 0.358132
6.35938 0.358083

4.91406 0.291343
4.92079 0.296875

6.35938 0.358074
6.36719 0.358024

4.92038 0.296875
4.92188 0.298015

6.36719 0.358032
6.375 0.35798

7.21875 0.281106
7.22656 0.277453

6.375 0.357972
6.38281 0.357917

4.92188 0.297751
4.92969 0.303138

6.38281 0.357925
6.39062 0.357868

4.92969 0.302971
4.93254 0.304688

4.9324 0.304688
4.9375 0.307758

5.375 0.358499
5.38281 0.358546

4.9375 0.307738
4.94531 0.311963

6.39062 0.35786
6.39844 0.357801

7.22656 0.27739
7.23438 0.27355

6.39844 0.357809
6.40625 0.357749

4.94531 0.311964
4.94643 0.3125

5.38281 0.358555
5.39062 0.358594

5.39062 0.358584
5.39844 0.358617

5.39844 0.358627
5.40625 0.358655

5.40625 0.358646
5.41406 0.358668

4.94527 0.3125
4.94531 0.312523

4.94644 0.3125
4.95312 0.315693

4.95312 0.31564
4.96094 0.318999

4.96094 0.318945
4.96436 0.320312

4.96418 0.320312
4.96875 0.322136

4.96875 0.322152
4.97656 0.324963

4.97656 0.324938
4.98438 0.327398

5.41406 0.358677
5.42188 0.358695

7.24219 0.269625
7.23465 0.273438

5.42188 0.358684
5.42969 0.358698

6.40625 0.357742
6.41406 0.357679

7.23438 0.273566
7.23463 0.273438

4.98438 0.327344
4.98711 0.328125

5.42969 0.358708
5.4375 0.358718

6.41406 0.357686
6.42188 0.35762

7.24219 0.269634
7.24976 0.265625

6.42188 0.357613
6.42969 0.357546

4.98702 0.328125
4.99219 0.329602

5.4375 0.358708
5.44531 0.358714

4.99219 0.32961
5 0.331667

6.42969 0.357553
6.4375 0.357484

6.4375 0.357478
6.44531 0.357406

5.44531 0.358723
5.45312 0.358725

6.44531 0.357412
6.45312 0.357338

6.45312 0.357332
6.46094 0.357256

5.45312 0.358715
5.46094 0.358714

7.28125 0.246304
7.27564 0.25

5.46094 0.358725
5.46875 0.358722

6.46094 0.357262
6.46875 0.357185

7.28906 0.240928
7.28723 0.242188

6.46875 0.357178
6.47656 0.357098

6.47656 0.357104
6.48438 0.357021

7.28125 0.246199
7.28698 0.242188

6.48438 0.357014
6.49219 0.356929

6.49219 0.356935
6.5 0.356848

5.46875 0.358712
5.47656 0.358705

5.47656 0.358715
5.48438 0.358706

7.28906 0.240805
7.29688 0.235059

5.48438 0.358695
5.49219 0.358684

6.5 0.356843
6.50781 0.356752

7.30469 0.228943
7.2978 0.234375

6.50781 0.356758
6.51562 0.356665

5.49219 0.358694
5.5 0.35868

6.51562 0.356659
6.52344 0.356564

5.5 0.35867
5.50781 0.358652

5.50781 0.358662
5.51562 0.358639

7.3125 0.222355
7.30749 0.226562

5.51562 0.358629
5.52344 0.358602

5.52344 0.358613
5.53125 0.358581

7.30469 0.228815
7.30742 0.226562

5.53125 0.358572
5.53906 0.358535

6.52344 0.35657
6.53125 0.356473

7.29688 0.235064
7.29778 0.234375

6.53125 0.356468
6.53906 0.356367

7.375 0.148343
7.37495 0.148438

7.37486 0.148438
7.37003 0.15625

5.53906 0.358544
5.54688 0.358503

7.35156 0.181985
7.34705 0.1875

6.53906 0.356372
6.54688 0.356269

5.54688 0.358492
5.55469 0.35845

6.54688 0.356264
6.55469 0.356158

6.55469 0.356164
6.5625 0.356056

5.55469 0.358459
5.5625 0.35842

6.5625 0.356051
6.57031 0.35594

6.57031 0.355945
6.57812 0.355831

5.5625 0.358408
5.57031 0.358378

7.35938 0.171931
7.35347 0.179688

5.57031 0.358386
5.57812 0.358371

6.57812 0.355826
6.58594 0.35571

5.57812 0.358358
5.58594 0.35837

5.58594 0.358379
5.59375 0.358424

6.58594 0.355715
6.59375 0.355597

6.59375 0.355593
6.60156 0.35547

7.35156 0.181942
7.35336 0.179688

6.60156 0.355474
6.60938 0.355347

5.59375 0.358413
5.60156 0.358495

7.36719 0.160524
7.36485 0.164062

5.60156 0.358506
5.60938 0.358624

6.60938 0.355342
6.61719 0.355212

5.60938 0.358617
5.61719 0.358761

5.61719 0.358775
5.625 0.358932

6.61719 0.355216
6.625 0.355084

6.625 0.35508
6.63281 0.354943

6.63281 0.354947
6.64062 0.354805

5.625 0.358928
5.63281 0.359079

5.63281 0.359091
5.64062 0.359221

7.36485 0.164062
7.35938 0.171875

5.64062 0.359214
5.64844 0.35931

6.64062 0.354801
6.64844 0.354655

7.36719 0.160408
7.36994 0.15625

6.64844 0.354659
6.65625 0.354509

6.65625 0.354506
6.66406 0.35435

7.32031 0.215443
7.31662 0.21875

6.66406 0.354354
6.67188 0.354193

6.67188 0.35419
6.67969 0.354023

7.32812 0.207967
7.32507 0.210938

6.67969 0.354027
6.6875 0.353855

6.6875 0.353852
6.69531 0.353673

7.32031 0.215317
7.32499 0.210938

6.69531 0.353677
6.70312 0.353491

5.64844 0.359321
5.65625 0.359374

6.70312 0.353487
6.71094 0.353293

6.71094 0.353297
6.71875 0.353094

5.65625 0.359361
5.66406 0.359372

7.33594 0.199955
7.33291 0.203125

5.66406 0.359372
5.67188 0.359363

6.71875 0.353091
6.72656 0.352878

5.66673 0.359375
5.67188 0.359382

7.34375 0.191362
7.3403 0.195312

5.67188 0.359352
5.67969 0.359343

6.72656 0.352882
6.73438 0.352658

5.6875 0.359323
5.68022 0.359375

5.6875 0.359303
5.69531 0.359171

6.73438 0.352654
6.74219 0.35242

6.74219 0.352423
6.75 0.352181

7.33594 0.199891
7.34016 0.195312

7.32812 0.207861
7.33281 0.203125

7.3125 0.222245
7.31652 0.21875

6.75 0.352177
6.75781 0.351928

6.75781 0.351933
6.76562 0.351677

5.69531 0.359161
5.70312 0.359012

6.77344 0.351403
6.76895 0.351562

6.76562 0.35168
6.76894 0.351562

7.34375 0.191285
7.34697 0.1875

6.77344 0.351405
6.78125 0.351097

6.78125 0.351093
6.78906 0.350757

5.70312 0.358991
5.71094 0.358887

7.41461 0
7.41449 0.0078125

5.71094 0.358909
5.71875 0.35885

6.78906 0.350756
6.79688 0.350403

7.41448 0.0078125
7.41415 0.015625

6.79688 0.350402
6.80469 0.350037

6.80469 0.350037
6.8125 0.349664

7.41406 0.0169804
7.41363 0.0234375

6.8125 0.349663
6.82031 0.349282

6.82031 0.349284
6.82812 0.348895

7.41363 0.0234375
7.41292 0.03125

6.82812 0.348893
6.83594 0.348496

6.83594 0.3485
6.84375 0.348091

7.41406 0.0168843
7.41415 0.015625

6.84375 0.348089
6.85156 0.347665

6.85156 0.347667
6.85938 0.347227

7.41292 0.03125
7.41201 0.0390625

5.71875 0.358838
5.72656 0.358805

7.41201 0.0390625
7.41088 0.046875

6.85938 0.347224
6.86719 0.346773

5.72656 0.358814
5.73438 0.358812

7.41087 0.046875
7.40955 0.0546875

5.73438 0.3588
5.74219 0.358832

6.86719 0.346778
6.875 0.346312

5.74219 0.358844
5.75 0.35891

5.75 0.3589
5.75781 0.358996

5.75781 0.35901
5.76562 0.359131

5.76562 0.359128
5.77344 0.359254

5.77344 0.35927
5.78117 0.359375

5.78097 0.359375
5.78125 0.359379

5.78125 0.359349
5.78354 0.359375

5.78244 0.359375
5.78906 0.359449

7.40955 0.0546875
7.40807 0.0625

5.78906 0.359463
5.79688 0.359534

6.875 0.346306
6.88281 0.345827

7.40625 0.0710091
7.40446 0.078125

6.88281 0.345833
6.89062 0.345338

6.89062 0.345334
6.89844 0.344819

7.40444 0.078125
7.40219 0.0859375

6.89844 0.344829
6.90625 0.344286

5.79688 0.35952
5.80469 0.359569

6.91406 0.343721
6.91366 0.34375

6.91406 0.343718
6.92188 0.343126

5.80469 0.359584
5.8125 0.359607

7.40217 0.0859375
7.3997 0.09375

5.8125 0.359595
5.82031 0.359585

6.92188 0.343117
6.92969 0.342493

5.82031 0.359592
5.82812 0.359562

5.82812 0.359551
5.83594 0.359507

6.92969 0.342501
6.9375 0.341845

6.90625 0.344273
6.91344 0.34375

7.39062 0.117962
7.38741 0.125

6.9375 0.341834
6.94531 0.341154

6.94531 0.341164
6.95312 0.340463

7.39844 0.0975526
7.39708 0.101562

6.95312 0.340461
6.96094 0.339725

6.96094 0.339731
6.96875 0.338953

7.3971 0.101562
7.39417 0.109375

6.96875 0.338948
6.97656 0.338127

6.97656 0.338129
6.98438 0.337273

7.39844 0.0974923
7.39971 0.09375

6.98438 0.337267
6.99219 0.336383

7 0.335478
6.9961 0.335938

7.39415 0.109375
7.39093 0.117188

6.99219 0.336389
6.99602 0.335938

7.39062 0.117861
7.39093 0.117188

7.4081 0.0625
7.40641 0.0703125

5.83594 0.359521
5.84375 0.359457

5.85156 0.359352
5.84972 0.359375

5.85156 0.359356
5.85938 0.359233

7.40625 0.0709308
7.40641 0.0703125

7.38281 0.134081
7.37931 0.140625

5.84375 0.359451
5.84983 0.359375

5.85156 0.359381
5.85193 0.359375

7.38736 0.125
7.38347 0.132812

7.38281 0.134024
7.38346 0.132812

5.85938 0.359205
5.86719 0.359105

5.86719 0.359126
5.875 0.359064

7.375 0.148105
7.37929 0.140625

7.25 0.265557
7.25781 0.2611

7.26562 0.256357
7.26323 0.257812

5.875 0.359045
5.88281 0.359015

5.88281 0.359031
5.89062 0.359039

7.25781 0.260992
7.26303 0.257812

7.26562 0.25626
7.27344 0.251365

5.89062 0.359024
5.89844 0.359068

5.89844 0.359082
5.90625 0.359162

7.27344 0.251385
7.27557 0.25

5.90625 0.35916
5.91406 0.359252

5.91406 0.359265
5.92188 0.359346

5.92188 0.359311
5.92729 0.359375

5.92542 0.359375
5.92969 0.359426

5.92969 0.359445
5.9375 0.359537

5.9375 0.359535
5.94531 0.359566

5.94531 0.359565
5.95312 0.359542

5.96875 0.359357
5.9673 0.359375

5.95312 0.359538
5.96094 0.35947

5.96094 0.35948
5.96765 0.359375

5.96875 0.359344
5.97656 0.359173

5.97656 0.359169
5.98438 0.358986

5.98438 0.35895
5.99219 0.358834

5.99219 0.358854
6 0.358839

