5.72656 0.364438
5.73438 0.364293

5.73438 0.364292
5.74219 0.364144

5.74219 0.364145
5.75 0.363994

4.75 0.368252
4.75781 0.36824

4.75781 0.36824
4.76562 0.368229

4.76562 0.368229
4.77344 0.368219

4.77344 0.36822
4.78125 0.368211

5.75 0.363993
5.75781 0.363838

5.75781 0.363839
5.76562 0.363681

4.1262 0
4.12623 0.0078125

4.12623 0.0078125
4.12632 0.015625

4.78125 0.368211
4.78906 0.368203

4.12631 0.015625
4.12646 0.0234375

4.12646 0.0234375
4.12667 0.03125

4.78906 0.368203
4.79688 0.368196

4.12667 0.03125
4.12694 0.0390625

4.12694 0.0390625
4.12728 0.046875

4.79688 0.368196
4.80469 0.368189

4.12728 0.046875
4.12768 0.0546875

4.12768 0.0546875
4.12815 0.0625

4.12815 0.0625
4.12869 0.0703125

4.12869 0.0703125
4.1293 0.078125

5.76562 0.36368
5.77344 0.363519

4.80469 0.36819
4.8125 0.368184

5.77344 0.36352
5.78125 0.363354

5.78125 0.363353
5.78906 0.363182

4.8125 0.368184
4.82031 0.368178

4.82031 0.368179
4.82812 0.368174

4.82812 0.368174
4.83594 0.368169

4.83594 0.368169
4.84375 0.368165

5.78906 0.363183
5.79688 0.363007

4.1293 0.078125
4.12998 0.0859375

4.84375 0.368165
4.85156 0.368161

4.85156 0.368161
4.85938 0.368158

4.85938 0.368157
4.86719 0.368154

4.12998 0.0859375
4.13074 0.09375

4.13074 0.09375
4.13158 0.101562

4.13158 0.101562
4.13249 0.109375

4.86719 0.368154
4.875 0.368151

4.875 0.368151
4.88281 0.368148

4.88281 0.368148
4.89062 0.368145

4.89062 0.368144
4.89844 0.368141

4.89844 0.368142
4.90625 0.368139

5.79688 0.363006
5.80469 0.362824

4.90625 0.368138
4.91406 0.368135

4.13248 0.109375
4.13281 0.112031

5.80469 0.362825
5.8125 0.362637

4.13281 0.111991
4.13346 0.117188

4.13346 0.117188
4.13452 0.125

4.91406 0.368136
4.92188 0.368133

4.13452 0.125
4.13568 0.132812

4.13568 0.132812
4.13694 0.140625

4.13694 0.140625
4.13832 0.148438

4.13832 0.148438
4.13979 0.15625

5.8125 0.362636
5.82031 0.362442

4.13978 0.15625
4.14062 0.160358

4.92188 0.368132
4.92969 0.368129

4.14062 0.16033
4.14139 0.164062

5.82031 0.362443
5.82812 0.362241

4.14139 0.164062
4.14314 0.171875

4.92969 0.36813
4.9375 0.368127

4.14315 0.171875
4.14503 0.179688

4.14503 0.179688
4.14703 0.1875

4.9375 0.368126
4.94531 0.368123

4.94531 0.368124
4.95312 0.36812

5.82812 0.36224
5.83594 0.362029

4.14702 0.1875
4.14844 0.192681

4.95312 0.36812
4.96094 0.368117

4.96094 0.368117
4.96875 0.368114

4.96875 0.368113
4.97656 0.36811

4.97656 0.36811
4.98438 0.368107

4.98438 0.368106
4.99219 0.368102

5.83594 0.362031
5.84375 0.361812

4.14844 0.192647
4.14917 0.195312

4.99219 0.368103
5 0.368099

4.14915 0.195312
4.15144 0.203125

5 0.368099
5.00781 0.368094

5.00781 0.368095
5.01562 0.368091

5.84375 0.361811
5.85156 0.361582

5.01562 0.36809
5.02344 0.368086

4.15144 0.203125
4.15389 0.210938

5.85156 0.361584
5.85938 0.361344

4.15389 0.210938
4.15625 0.217968

4.15625 0.217944
4.15652 0.21875

4.1565 0.21875
4.15934 0.226562

5.02344 0.368086
5.03125 0.368082

5.03125 0.368081
5.03906 0.368077

5.85938 0.361343
5.86719 0.361092

4.15935 0.226562
4.1624 0.234375

5.03906 0.368077
5.04688 0.368072

4.16238 0.234375
4.16406 0.238406

4.16406 0.238327
4.16568 0.242188

4.16565 0.242188
4.16917 0.25

4.16916 0.25
4.17188 0.255563

4.17188 0.255504
4.173 0.257812

4.17298 0.257812
4.17708 0.265625

4.17706 0.265625
4.17969 0.270292

5.86719 0.361094
5.875 0.360831

4.17969 0.27023
4.18149 0.273438

5.04688 0.368072
5.05469 0.368067

5.05469 0.368067
5.0625 0.368062

5.875 0.360829
5.88281 0.360553

5.0625 0.368061
5.07031 0.368056

4.18142 0.273438
4.18622 0.28125

5.88281 0.360555
5.89062 0.360264

4.18614 0.28125
4.1875 0.283321

4.1875 0.283072
4.19156 0.289062

5.89062 0.360261
5.89844 0.359959

4.1915 0.289062
4.19531 0.294224

4.19531 0.294154
4.19732 0.296875

5.89844 0.359961
5.90625 0.359648

5.07031 0.368056
5.07812 0.368051

5.91406 0.359319
5.91274 0.359375

5.91406 0.359317
5.92188 0.358963

5.07812 0.36805
5.08594 0.368044

5.90625 0.359649
5.91268 0.359375

4.19724 0.296875
4.20312 0.304024

5.08594 0.368045
5.09375 0.368038

4.20312 0.303948
4.20376 0.304688

4.20369 0.304688
4.21086 0.3125

4.21052 0.3125
4.21094 0.312937

4.21094 0.312618
4.21875 0.320262

5.09375 0.368038
5.10156 0.368032

5.10156 0.368032
5.10938 0.368025

5.92188 0.358959
5.92969 0.358594

4.21861 0.320312
4.21875 0.320444

5.10938 0.368025
5.11719 0.368018

4.21875 0.320197
4.21888 0.320312

4.21883 0.320312
4.22656 0.327063

4.22656 0.326985
4.228 0.328125

4.22792 0.328125
4.23438 0.333132

5.92969 0.358598
5.9375 0.358224

5.11719 0.368018
5.125 0.368011

5.9375 0.358225
5.94531 0.357831

5.125 0.368011
5.13281 0.368003

5.13281 0.368004
5.14062 0.367996

5.14062 0.367996
5.14844 0.367988

5.14844 0.367988
5.15625 0.36798

5.94531 0.357833
5.95312 0.357412

4.23438 0.333003
4.23865 0.335938

5.15625 0.36798
5.16406 0.367971

4.23839 0.335938
4.24219 0.338519

5.95312 0.35741
5.96094 0.356962

4.24219 0.338448
4.25 0.343203

5.96094 0.356963
5.96875 0.356489

5.96875 0.356486
5.97656 0.355988

5.16406 0.367972
5.17188 0.367963

5.17188 0.367962
5.17969 0.367953

5.17969 0.367954
5.1875 0.367944

5.1875 0.367944
5.19531 0.367934

5.97656 0.355989
5.98438 0.355471

5.19531 0.367934
5.20312 0.367924

4.25 0.343162
4.25111 0.34375

5.98438 0.35547
5.99219 0.35493

4.25103 0.34375
4.25781 0.347352

4.25781 0.347307
4.26562 0.350943

5.99219 0.35493
6 0.354369

5.20312 0.367924
5.21094 0.367913

5.21094 0.367914
5.21875 0.367903

5.21875 0.367903
5.22656 0.367892

6 0.354369
6.00781 0.353785

4.26562 0.350897
4.26723 0.351562

5.22656 0.367892
5.23438 0.367881

4.26714 0.351562
4.27344 0.354169

6.00781 0.353786
6.01562 0.353179

4.27344 0.354157
4.28125 0.357036

4.28125 0.357039
4.28848 0.359375

4.28839 0.359375
4.28906 0.359593

5.23438 0.36788
5.24219 0.367868

5.24219 0.367869
5.25 0.367857

6.01562 0.353179
6.02344 0.352545

6.02344 0.352544
6.03125 0.351887

6.03906 0.351211
6.03503 0.351562

5.25 0.367856
5.25781 0.367844

6.03125 0.351883
6.03492 0.351562

4.28906 0.359567
4.29688 0.361718

5.25781 0.367844
5.26562 0.367831

4.29688 0.361706
4.30469 0.363501

6.03906 0.351208
6.04688 0.350496

4.30469 0.363489
4.3125 0.364975

5.26562 0.367831
5.27344 0.367817

4.3125 0.364955
4.32031 0.366196

4.32031 0.366173
4.32765 0.367188

5.27344 0.367818
5.28125 0.367804

4.3276 0.367188
4.32812 0.36726

4.32812 0.36726
4.33594 0.36821

4.33594 0.368212
4.34375 0.369015

4.34375 0.369012
4.35156 0.36967

6.04688 0.350496
6.05469 0.349751

4.35156 0.369668
4.35938 0.37019

4.35938 0.370187
4.36719 0.370585

6.05469 0.349751
6.0625 0.348972

4.36719 0.370579
4.375 0.370872

4.375 0.370867
4.38281 0.371076

4.38281 0.371073
4.39062 0.371213

4.39062 0.371209
4.39844 0.371295

4.39844 0.371294
4.40625 0.371337

6.0625 0.348971
6.07031 0.34816

4.40625 0.371334
4.41406 0.371342

5.28125 0.367804
5.28906 0.36779

4.41406 0.371342
4.42188 0.371321

4.42188 0.371319
4.42969 0.371273

4.42969 0.371273
4.4375 0.371207

4.4375 0.371206
4.44531 0.371123

6.07031 0.348161
6.07812 0.347317

4.44531 0.371123
4.45312 0.371027

4.45312 0.371026
4.46094 0.370918

6.07812 0.347316
6.08594 0.346441

4.46094 0.370918
4.46875 0.370802

4.46875 0.370801
4.47656 0.370679

6.08594 0.346443
6.09375 0.345534

4.47656 0.370679
4.48438 0.370553

4.48438 0.370552
4.49219 0.370423

6.10938 0.343635
6.10845 0.34375

5.28906 0.36779
5.29688 0.367776

6.10938 0.343626
6.11719 0.342625

4.49219 0.370423
4.5 0.370294

5.29688 0.367775
5.30469 0.36776

5.30469 0.367761
5.3125 0.367746

5.3125 0.367745
5.32031 0.367729

4.5 0.370293
4.50781 0.370165

4.50781 0.370165
4.51562 0.370039

6.11719 0.342626
6.125 0.341586

5.32031 0.36773
5.32812 0.367714

4.51562 0.370038
4.52344 0.369914

5.32812 0.367713
5.33594 0.367697

5.33594 0.367697
5.34375 0.36768

4.52344 0.369915
4.53125 0.369795

4.53125 0.369794
4.53906 0.369678

6.09375 0.345531
6.10156 0.34459

4.53906 0.369679
4.54688 0.369567

4.54688 0.369567
4.55469 0.36946

6.10156 0.344588
6.10833 0.34375

4.55469 0.369461
4.5625 0.369359

4.5625 0.369359
4.57031 0.369263

6.125 0.341584
6.13281 0.340506

4.57031 0.369264
4.57812 0.369173

4.57812 0.369173
4.58594 0.369088

6.13281 0.340508
6.14062 0.339392

4.58594 0.369088
4.59375 0.369008

4.59375 0.369008
4.60156 0.368933

4.60156 0.368934
4.60938 0.368864

4.60938 0.368864
4.61719 0.3688

4.61719 0.3688
4.625 0.36874

6.14062 0.339392
6.14844 0.338232

6.14844 0.338233
6.15625 0.337028

6.16406 0.335795
6.16317 0.335938

6.15625 0.337023
6.16305 0.335938

6.16406 0.335781
6.17188 0.33449

6.17188 0.33449
6.17969 0.333149

6.17969 0.333151
6.1875 0.331753

4.625 0.36874
4.63281 0.368685

4.63281 0.368685
4.64062 0.368634

5.34375 0.36768
5.35156 0.367662

5.35156 0.367663
5.35938 0.367645

6.1875 0.331753
6.19531 0.330294

6.19531 0.330289
6.20312 0.328776

6.21094 0.327226
6.20644 0.328125

6.21094 0.327223
6.21875 0.325594

6.20312 0.328764
6.20632 0.328125

6.21875 0.325597
6.22656 0.323879

6.22656 0.32388
6.23438 0.322064

6.24219 0.320173
6.24162 0.320312

6.23438 0.322059
6.24152 0.320312

6.24219 0.320154
6.25 0.318153

4.64062 0.368634
4.64844 0.368587

4.64844 0.368588
4.65625 0.368545

5.35938 0.367645
5.36719 0.367626

4.65625 0.368545
4.66406 0.368505

4.66406 0.368506
4.67188 0.36847

4.67188 0.36847
4.67969 0.368437

4.67969 0.368437
4.6875 0.368408

6.41406 0.248153
6.41124 0.25

4.6875 0.368407
4.69531 0.36838

5.36719 0.367627
5.375 0.367608

4.69531 0.368381
4.70312 0.368356

4.70312 0.368356
4.71094 0.368334

5.375 0.367607
5.38281 0.367588

4.71094 0.368334
4.71875 0.368314

4.71875 0.368314
4.72656 0.368296

4.72656 0.368296
4.73438 0.36828

4.73438 0.36828
4.74219 0.368265

6.41406 0.24808
6.42188 0.242712

4.74219 0.368265
4.75 0.368252

6.4375 0.23115
6.43327 0.234375

6.42969 0.23706
6.42261 0.242188

5.38281 0.367589
5.39062 0.367569

5.39062 0.367568
5.39844 0.367548

6.42188 0.242692
6.42259 0.242188

6.42969 0.23698
6.43316 0.234375

5.39844 0.367548
5.40625 0.367527

5.40625 0.367527
5.41406 0.367505

6.48438 0.186824
6.48379 0.1875

6.5 0.167117
6.49647 0.171875

5.41406 0.367506
5.42188 0.367484

5.42188 0.367483
5.42969 0.36746

6.49219 0.177357
6.49034 0.179688

6.48438 0.186662
6.49027 0.179688

5.42969 0.367461
5.4375 0.367437

5.4375 0.367436
5.44531 0.367412

6.49219 0.177227
6.49641 0.171875

6.45312 0.218266
6.45257 0.21875

5.44531 0.367412
5.45312 0.367387

5.45312 0.367386
5.46094 0.36736

6.45312 0.218112
6.46094 0.211013

6.46875 0.203468
6.46103 0.210938

6.46094 0.211
6.461 0.210938

6.44531 0.224896
6.44326 0.226562

5.46094 0.367361
5.46875 0.367333

5.46875 0.367333
5.47656 0.367304

6.4375 0.231052
6.44306 0.226562

6.44531 0.224775
6.45235 0.21875

6.47656 0.195397
6.4691 0.203125

6.48368 0.1875
6.47663 0.195312

5.47656 0.367305
5.48438 0.367275

5.48438 0.367274
5.49219 0.367244

6.47656 0.195386
6.47663 0.195312

6.46875 0.203451
6.46908 0.203125

5.49219 0.367245
5.5 0.367213

5.50781 0.367181
5.50621 0.367188

5.5 0.367213
5.50595 0.367188

6.27344 0.311629
6.27043 0.3125

6.27344 0.311606
6.28125 0.309247

6.28125 0.30925
6.28906 0.306768

6.29688 0.304216
6.29546 0.304688

5.50781 0.367181
5.51562 0.367143

5.51562 0.367143
5.52344 0.3671

6.28906 0.306749
6.29526 0.304688

6.29688 0.304166
6.30469 0.301457

5.52344 0.3671
5.53125 0.367051

5.53125 0.367051
5.53906 0.366997

6.30469 0.301452
6.3125 0.298639

6.25 0.318153
6.25781 0.316053

6.25781 0.316047
6.26562 0.313859

6.26562 0.313836
6.27024 0.3125

5.53906 0.366997
5.54688 0.366937

5.54688 0.366937
5.55469 0.366871

6.32031 0.295777
6.31736 0.296875

6.32031 0.295744
6.32812 0.292708

5.55469 0.366871
5.5625 0.3668

5.5625 0.3668
5.57031 0.366724

6.3125 0.298612
6.31716 0.296875

6.32812 0.292709
6.33594 0.289522

6.34375 0.286185
6.33702 0.289062

6.33594 0.28951
6.33698 0.289062

5.57031 0.366724
5.57812 0.366644

5.57812 0.366644
5.58594 0.366558

6.35938 0.27908
6.35472 0.28125

6.35938 0.27906
6.36719 0.275236

5.58594 0.366558
5.59375 0.366468

5.59375 0.366469
5.60156 0.366375

6.375 0.271265
6.37076 0.273438

6.36719 0.275184
6.3706 0.273438

5.60156 0.366375
5.60938 0.366277

5.60938 0.366277
5.61719 0.366176

6.34375 0.28618
6.35156 0.282692

6.35156 0.282658
6.35458 0.28125

5.61719 0.366175
5.625 0.36607

5.625 0.36607
5.63281 0.365962

5.63281 0.365962
5.64062 0.365851

5.64062 0.365851
5.64844 0.365736

6.39062 0.262691
6.3854 0.265625

6.375 0.271236
6.38281 0.267055

5.64844 0.365736
5.65625 0.365619

5.65625 0.365618
5.66406 0.365498

6.38281 0.267022
6.3853 0.265625

6.39062 0.262677
6.39844 0.25805

5.66406 0.365498
5.67188 0.365375

5.67188 0.365375
5.67969 0.365249

6.40625 0.253178
6.39882 0.257812

6.39844 0.258036
6.39881 0.257812

5.67969 0.365249
5.6875 0.365121

5.6875 0.36512
5.69531 0.364989

6.40625 0.253126
6.41103 0.25

6.55578 0
6.55566 0.0078125

6.55566 0.0078125
6.55533 0.015625

5.69531 0.364989
5.70312 0.364856

5.70312 0.364855
5.71094 0.364719

6.55469 0.0243536
6.55401 0.03125

6.55532 0.015625
6.55477 0.0234375

6.55469 0.0243359
6.55478 0.0234375

6.55401 0.03125
6.55301 0.0390625

6.55302 0.0390625
6.55179 0.046875

6.5518 0.046875
6.55033 0.0546875

6.55033 0.0546875
6.54862 0.0625

6.53125 0.113759
6.52971 0.117188

6.5297 0.117188
6.52592 0.125

5.71094 0.364719
5.71875 0.36458

5.71875 0.364579
5.72656 0.364437

6.54688 0.0696318
6.54671 0.0703125

6.5467 0.0703125
6.54454 0.078125

6.54456 0.078125
6.54213 0.0859375

6.54212 0.0859375
6.53941 0.09375

6.54688 0.0695256
6.54861 0.0625

6.53906 0.0946422
6.53643 0.101562

6.53643 0.101562
6.53319 0.109375

6.53906 0.0946283
6.5394 0.09375

6.53125 0.113621
6.53315 0.109375

6.50781 0.156162
6.50776 0.15625

6.51562 0.143635
6.51272 0.148438

6.50781 0.156018
6.51272 0.148438

6.52344 0.1298
6.52186 0.132812

6.52184 0.132812
6.51744 0.140625

6.52344 0.129693
6.52589 0.125

6.51562 0.143579
6.51741 0.140625

6.50767 0.15625
6.50224 0.164062

6.5 0.167076
6.50218 0.164062

