6 0.359053
6.00781 0.359051

6.00781 0.359063
6.01562 0.35906

7.07812 0.327597
7.07467 0.328125

5 0.326595
5.00522 0.328125

5.00505 0.328125
5.00781 0.328935

6.01562 0.359048
6.02344 0.359045

5.00781 0.328912
5.01562 0.330949

5.01562 0.330906
5.02344 0.332755

4.97929 0
4.97926 0.0078125

7.0625 0.329887
7.07031 0.328732

4.97927 0.0078125
4.97917 0.015625

4.97917 0.015625
4.97897 0.0234375

5.02344 0.332749
5.03125 0.33451

4.97896 0.0234375
4.9787 0.03125

4.97874 0.03125
4.97834 0.0390625

6.02344 0.359058
6.03125 0.359055

4.9783 0.0390625
4.97773 0.046875

6.03125 0.359043
6.03906 0.359039

4.97656 0.0596723
4.97627 0.0625

7.07031 0.328781
7.0746 0.328125

5.03125 0.334504
5.03789 0.335938

6.03906 0.359051
6.04688 0.359046

4.97774 0.046875
4.97706 0.0546875

7.07812 0.327588
7.08594 0.326255

5.03774 0.335938
5.03906 0.336223

6.04688 0.359033
6.05469 0.359028

4.97656 0.0596274
4.97706 0.0546875

7.08594 0.326257
7.09375 0.324788

4.96875 0.107376
4.9683 0.109375

6.05469 0.35904
6.0625 0.359035

5.03906 0.336205
5.04688 0.337803

7.09375 0.324774
7.10156 0.323192

4.9683 0.109375
4.96631 0.117188

6.0625 0.359023
6.07031 0.359015

5.04688 0.337825
5.05469 0.33927

7.10156 0.323183
7.10938 0.321532

4.96632 0.117188
4.96411 0.125

6.07031 0.359027
6.07812 0.359019

5.05469 0.339257
5.0625 0.340532

7.11719 0.319854
7.11509 0.320312

5.0625 0.340509
5.07031 0.341686

6.07812 0.359006
6.08594 0.358998

4.97628 0.0625
4.97535 0.0703125

7.10938 0.321526
7.11493 0.320312

5.07031 0.341674
5.07812 0.342819

6.08594 0.359011
6.09375 0.359002

4.97535 0.0703125
4.97427 0.078125

7.11719 0.319835
7.125 0.318054

5.07812 0.342833
5.08464 0.34375

7.14844 0.312405
7.14805 0.3125

4.97426 0.078125
4.97302 0.0859375

6.09375 0.35899
6.10156 0.358979

5.08445 0.34375
5.08594 0.343959

7.14844 0.312375
7.15625 0.310327

4.97303 0.0859375
4.97163 0.09375

6.10156 0.358991
6.10938 0.35898

5.08594 0.343959
5.09375 0.344936

7.15625 0.310319
7.16406 0.308103

4.97163 0.09375
4.97005 0.101562

6.10938 0.358967
6.11719 0.358956

5.09375 0.344893
5.10156 0.345789

7.16406 0.308072
7.17188 0.305767

4.96875 0.107345
4.97006 0.101562

6.11719 0.358969
6.125 0.358957

4.9375 0.184715
4.93578 0.1875

6.125 0.358945
6.13281 0.358932

5.10156 0.345811
5.10938 0.346669

7.17969 0.303435
7.17555 0.304688

4.90625 0.22807
4.90284 0.234375

6.13281 0.358944
6.14062 0.35893

5.10938 0.346662
5.11719 0.347451

7.17188 0.305764
7.17543 0.304688

4.9028 0.234375
4.90028 0.242188

6.14062 0.358917
6.14844 0.358903

5.11719 0.34745
5.125 0.348186

7.17969 0.303427
7.1875 0.300952

5.125 0.348182
5.13281 0.348876

6.14844 0.358916
6.15625 0.358902

4.90004 0.242188
4.8998 0.25

7.125 0.318048
7.13281 0.316192

5.13281 0.348879
5.14062 0.349533

6.15625 0.35889
6.16406 0.358874

4.91406 0.217111
4.91285 0.21875

7.13281 0.316186
7.14062 0.31428

5.14062 0.349531
5.14844 0.350145

6.16406 0.358885
6.17188 0.358868

4.92188 0.206875
4.91882 0.210938

7.14062 0.314273
7.14776 0.3125

5.14844 0.350144
5.15625 0.350725

6.17188 0.358856
6.17969 0.358839

4.91406 0.217148
4.91875 0.210938

7.20312 0.295805
7.19998 0.296875

5.15625 0.350723
5.16406 0.351276

6.17969 0.358852
6.1875 0.358834

4.92969 0.19632
4.92475 0.203125

7.1875 0.30092
7.19531 0.298379

5.16406 0.351282
5.1683 0.351562

6.1875 0.358823
6.19531 0.358804

4.93576 0.1875
4.93046 0.195312

7.19531 0.29842
7.19985 0.296875

5.16828 0.351562
5.17188 0.351801

6.19531 0.358815
6.20312 0.358794

4.92969 0.196334
4.93041 0.195312

7.20312 0.295785
7.21094 0.292869

5.17188 0.351796
5.17969 0.352272

6.20312 0.358783
6.21094 0.358762

5.17969 0.352276
5.1875 0.352712

7.21094 0.292816
7.21875 0.289736

7.24219 0.279645
7.23867 0.28125

6.21094 0.358774
6.21875 0.358753

7.24219 0.279593
7.25 0.275869

7.22656 0.286564
7.22049 0.289062

4.92188 0.20695
4.92473 0.203125

5.1875 0.352707
5.19531 0.353106

6.21875 0.358741
6.22656 0.358718

7.21875 0.289756
7.22044 0.289062

4.9127 0.21875
4.90729 0.226562

5.19531 0.353108
5.20312 0.353477

4.90625 0.228197
4.90713 0.226562

6.22656 0.358729
6.23438 0.358704

6.23438 0.358693
6.24219 0.358668

6.24219 0.358679
6.25 0.358653

4.95312 0.155204
4.95268 0.15625

4.96094 0.134806
4.95891 0.140625

4.96413 0.125
4.96165 0.132812

4.96094 0.134737
4.96161 0.132812

4.95894 0.140625
4.95596 0.148438

7.22656 0.286547
7.23438 0.283157

4.95312 0.155157
4.95596 0.148438

4.94531 0.171341
4.94504 0.171875

5.20312 0.353471
5.21094 0.353816

7.23438 0.28313
7.2385 0.28125

5.21094 0.35382
5.21875 0.354146

6.25 0.358642
6.25781 0.358614

7.29688 0.249388
7.29592 0.25

6.25781 0.358625
6.26562 0.358595

5.21875 0.354141
5.22656 0.354447

4.95269 0.15625
4.94904 0.164062

5.22656 0.354451
5.23438 0.354737

4.94531 0.171283
4.94904 0.164062

7.29688 0.249208
7.30469 0.243795

4.945 0.171875
4.94058 0.179688

4.9375 0.184695
4.9406 0.179688

5.23438 0.354732
5.24219 0.354998

4.90007 0.25
4.90203 0.257812

6.26562 0.358584
6.27344 0.358553

7.3125 0.238102
7.3069 0.242188

5.24219 0.355003
5.25 0.355249

4.902 0.257812
4.90568 0.265625

5.25 0.355244
5.25781 0.355473

4.90547 0.265625
4.90625 0.266901

5.25781 0.355476
5.26562 0.35569

6.27344 0.358565
6.28125 0.358533

6.28125 0.358523
6.28906 0.358489

4.90625 0.26627
4.91111 0.273438

6.28906 0.358499
6.29688 0.358463

5.26562 0.355684
5.27344 0.355888

4.91106 0.273438
4.91406 0.277152

5.27344 0.355893
5.28125 0.356088

6.29688 0.358452
6.30469 0.358416

5.28125 0.356082
5.28906 0.356272

7.30469 0.243706
7.30683 0.242188

7.36719 0.186292
7.36619 0.1875

7.375 0.176441
7.37257 0.179688

6.30469 0.358426
6.3125 0.358389

7.36719 0.18616
7.37245 0.179688

6.3125 0.358379
6.32031 0.358338

5.28906 0.356277
5.29688 0.356463

6.32031 0.358348
6.32812 0.358306

4.91406 0.276852
4.91794 0.28125

7.34375 0.211571
7.33608 0.21875

4.91774 0.28125
4.92188 0.285278

6.32812 0.358296
6.33594 0.358252

7.32031 0.232207
7.31748 0.234375

6.33594 0.358262
6.34375 0.358218

6.34375 0.358208
6.35156 0.358161

5.29688 0.356457
5.30469 0.356641

4.92188 0.284999
4.92659 0.289062

5.30469 0.356648
5.3125 0.356828

4.92637 0.289062
4.92969 0.291788

6.35156 0.35817
6.35938 0.35812

4.92969 0.291779
4.93648 0.296875

7.32812 0.225788
7.32721 0.226562

4.93606 0.296875
4.9375 0.297887

7.32031 0.232077
7.32699 0.226562

5.3125 0.356823
5.32031 0.356996

5.32031 0.357004
5.32812 0.357168

5.32812 0.357161
5.33594 0.357313

7.3125 0.23806
7.31729 0.234375

7.32812 0.225619
7.33594 0.218797

6.35938 0.358111
6.36719 0.35806

7.33594 0.218894
7.3361 0.21875

4.9375 0.297636
4.94531 0.302635

7.35938 0.195409
7.3522 0.203125

4.94531 0.302468
4.94921 0.304688

7.35156 0.203668
7.3443 0.210938

6.36719 0.35807
6.375 0.358018

5.33594 0.357321
5.34375 0.357457

4.94901 0.304688
4.95312 0.307027

5.34375 0.35745
5.35156 0.357567

5.35156 0.357575
5.35938 0.357673

7.34375 0.211474
7.3443 0.210938

5.35938 0.357663
5.36719 0.357747

6.375 0.358009
6.38281 0.357954

4.95312 0.306977
4.96094 0.31108

7.35156 0.203752
7.35218 0.203125

5.36719 0.357754
5.375 0.357826

6.38281 0.357963
6.39062 0.357906

5.375 0.357815
5.38281 0.357882

6.39062 0.357897
6.39844 0.357839

5.38281 0.35789
5.39062 0.357959

4.96094 0.311086
4.96393 0.3125

5.39062 0.357948
5.39844 0.358029

7.35938 0.195306
7.3661 0.1875

6.39844 0.357848
6.40625 0.357789

6.40625 0.357781
6.41406 0.357719

5.39844 0.358038
5.40625 0.358133

7.43284 0
7.43271 0.0078125

4.96385 0.3125
4.96875 0.314816

7.43269 0.0078125
7.43232 0.015625

5.40625 0.358124
5.41406 0.35823

6.41406 0.357727
6.42188 0.357663

4.96875 0.314729
4.97656 0.318093

7.43232 0.015625
7.43175 0.0234375

5.41406 0.358241
5.42188 0.358356

6.42188 0.357655
6.42969 0.35759

4.97656 0.318083
4.98212 0.320312

7.43175 0.0234375
7.43101 0.03125

5.42188 0.358349
5.42969 0.358465

7.42969 0.041936
7.429 0.046875

4.98184 0.320312
4.98438 0.321328

5.42969 0.358478
5.4375 0.358586

6.42969 0.357598
6.4375 0.357532

5.4375 0.358578
5.44531 0.358668

7.43101 0.03125
7.43009 0.0390625

4.98438 0.32126
4.99219 0.324092

7.42969 0.0419037
7.43008 0.0390625

5.44531 0.358679
5.45312 0.358746

6.4375 0.357524
6.44531 0.357455

4.99219 0.324077
5 0.326618

5.45312 0.358735
5.46094 0.358779

5.46094 0.35879
5.46875 0.358809

5.46875 0.358796
5.47656 0.358793

7.429 0.046875
7.42772 0.0546875

6.44531 0.357463
6.45312 0.357392

6.45312 0.357384
6.46094 0.357313

5.47656 0.358803
5.48438 0.358783

6.46094 0.35732
6.46875 0.357247

5.48438 0.358765
5.49219 0.358744

6.46875 0.35724
6.47656 0.357164

7.42773 0.0546875
7.42623 0.0625

5.49219 0.358752
5.5 0.358747

7.40625 0.124056
7.40584 0.125

5.5 0.358729
5.50781 0.358762

5.50781 0.358775
5.51562 0.358859

6.47656 0.357171
6.48438 0.357094

6.48438 0.357086
6.49219 0.357007

7.42188 0.0809739
7.4205 0.0859375

5.51562 0.358851
5.52344 0.358976

7.42047 0.0859375
7.41799 0.09375

7.42622 0.0625
7.42451 0.0703125

5.52344 0.358996
5.53125 0.35914

7.4245 0.0703125
7.4226 0.078125

7.42188 0.0808393
7.42263 0.078125

5.53125 0.35914
5.53906 0.359261

7.41406 0.104875
7.41238 0.109375

7.41796 0.09375
7.41526 0.101562

5.53906 0.359275
5.54688 0.359346

5.54688 0.359332
5.55469 0.359354

6.49219 0.357014
6.5 0.356934

6.5 0.356927
6.50781 0.356844

6.50781 0.356851
6.51562 0.356765

6.51562 0.356759
6.52344 0.356672

5.55469 0.359357
5.5625 0.359352

5.5625 0.359319
5.57031 0.359344

7.41406 0.104809
7.41528 0.101562

5.5683 0.359375
5.57031 0.359381

5.57031 0.35939
5.57812 0.359416

7.41236 0.109375
7.40918 0.117188

7.40625 0.12389
7.40918 0.117188

6.52344 0.356678
6.53125 0.35659

7.39062 0.153542
7.389 0.15625

6.53125 0.356584
6.53906 0.356492

5.58594 0.359356
5.58386 0.359375

6.53906 0.356498
6.54688 0.356405

5.58594 0.359354
5.59375 0.359159

5.57812 0.359418
5.58272 0.359375

7.39844 0.13968
7.39794 0.140625

6.54688 0.356399
6.55469 0.356303

7.40582 0.125
7.40204 0.132812

5.59375 0.359111
5.60156 0.35888

7.39844 0.139519
7.40195 0.132812

7.39791 0.140625
7.3936 0.148438

7.39062 0.153394
7.39361 0.148438

7.38281 0.165492
7.37835 0.171875

6.55469 0.356309
6.5625 0.356212

6.5625 0.356206
6.57031 0.356106

6.57031 0.356112
6.57812 0.356009

5.60156 0.358875
5.60938 0.358711

7.38891 0.15625
7.3838 0.164062

6.57812 0.356003
6.58594 0.355898

7.38281 0.165465
7.38376 0.164062

5.60938 0.358695
5.61719 0.35864

7.375 0.176303
7.37832 0.171875

7.25781 0.272077
7.25505 0.273438

7.25 0.275826
7.25484 0.273438

6.58594 0.355904
6.59375 0.355797

7.25781 0.272039
7.26562 0.268008

5.61719 0.358665
5.625 0.358699

7.27344 0.263759
7.27007 0.265625

7.27344 0.263682
7.28125 0.259075

7.26562 0.267999
7.26992 0.265625

7.28906 0.254269
7.28331 0.257812

7.28125 0.259028
7.28323 0.257812

7.28906 0.25427
7.29563 0.25

6.59375 0.355792
6.60156 0.355681

6.60156 0.355687
6.60938 0.355573

6.60938 0.355568
6.61719 0.355452

6.61719 0.355457
6.625 0.355337

6.625 0.355332
6.63281 0.355209

6.63281 0.355213
6.64062 0.355087

6.64062 0.355082
6.64844 0.354952

5.625 0.358694
5.63281 0.358777

5.63281 0.358793
5.64062 0.358904

6.64844 0.354957
6.65625 0.354824

6.65625 0.354819
6.66406 0.354681

6.66406 0.354685
6.67188 0.354542

5.64062 0.358899
5.64844 0.359015

5.64844 0.359034
5.65625 0.359127

6.67188 0.354538
6.67969 0.35439

6.67969 0.354395
6.6875 0.354243

6.6875 0.354238
6.69531 0.35408

5.65625 0.359119
5.66406 0.359167

5.66406 0.35918
5.67188 0.359169

6.69531 0.354084
6.70312 0.35392

6.70312 0.353915
6.71094 0.353744

6.71094 0.353749
6.71875 0.353571

6.71875 0.353567
6.72656 0.353381

6.72656 0.353385
6.73438 0.353191

5.67188 0.359149
5.67969 0.359093

5.67969 0.359097
5.6875 0.35903

6.73438 0.353187
6.74219 0.352984

6.74219 0.352989
6.75 0.352777

5.6875 0.359003
5.69531 0.35897

5.69531 0.358981
5.70312 0.359014

6.75 0.352772
6.75781 0.35255

6.75781 0.352554
6.76562 0.352323

6.76562 0.352318
6.77344 0.352079

5.70312 0.359003
5.71094 0.359102

5.71094 0.35913
5.71875 0.359261

6.77344 0.352083
6.78125 0.351839

6.78125 0.351837
6.78906 0.351581

6.79688 0.351306
6.7898 0.351562

5.71875 0.359266
5.72656 0.359363

5.72656 0.359359
5.72904 0.359375

6.78906 0.351593
6.78989 0.351562

6.79688 0.351302
6.80469 0.350983

6.80469 0.35098
6.8125 0.350641

5.72805 0.359375
5.73438 0.359416

5.73438 0.359358
5.73748 0.359375

5.73438 0.359397
5.74219 0.359439

5.74219 0.359464
5.75 0.359482

6.8125 0.35064
6.82031 0.350287

5.76562 0.359282
5.76095 0.359375

5.75 0.359478
5.75781 0.359424

6.82031 0.350286
6.82812 0.349923

6.82812 0.349923
6.83594 0.349554

6.83594 0.349555
6.84375 0.349178

5.75781 0.359449
5.76156 0.359375

5.76562 0.359236
5.77344 0.359045

6.84375 0.349177
6.85156 0.348793

6.85156 0.348796
6.85938 0.3484

6.85938 0.348397
6.86719 0.347989

5.77344 0.359037
5.78125 0.358929

5.78125 0.35892
5.78906 0.358929

6.86719 0.347993
6.875 0.34757

6.875 0.347565
6.88281 0.347127

6.88281 0.347132
6.89062 0.346678

6.89062 0.346673
6.89844 0.346205

6.89844 0.346212
6.90625 0.345725

5.78906 0.358961
5.79688 0.359043

5.79688 0.359036
5.80469 0.359143

6.9375 0.343641
6.93594 0.34375

6.90625 0.345717
6.91406 0.34521

6.91406 0.345215
6.92188 0.344692

6.92188 0.344677
6.92969 0.344156

6.92969 0.344183
6.93592 0.34375

6.9375 0.343631
6.94531 0.343029

5.80469 0.359164
5.8125 0.359267

5.8125 0.359261
5.82031 0.359332

6.94531 0.343033
6.95312 0.342384

6.95312 0.342367
6.96094 0.341695

6.96094 0.341708
6.96875 0.341022

5.82031 0.359344
5.82812 0.35937

5.82812 0.359353
5.83594 0.359341

6.96875 0.341017
6.97656 0.340304

6.97656 0.340312
6.98438 0.339565

6.98438 0.339557
6.99219 0.338773

6.99219 0.338778
7 0.337964

7 0.337958
7.00781 0.337115

5.83594 0.359351
5.84375 0.359317

5.84375 0.3593
5.85156 0.359261

7.00781 0.337119
7.01562 0.336254

7.02344 0.335351
7.01843 0.335938

7.01562 0.336261
7.01839 0.335938

5.85156 0.359275
5.85938 0.359238

5.85938 0.359223
5.86719 0.359189

7.02344 0.335345
7.03125 0.334365

7.03125 0.334365
7.03906 0.333328

7.03906 0.33333
7.04688 0.332232

7.04688 0.332221
7.05469 0.33108

7.05469 0.331084
7.0625 0.329913

5.86719 0.359204
5.875 0.359176

5.875 0.359163
5.88281 0.359138

5.88281 0.359151
5.89062 0.35913

5.89062 0.359117
5.89844 0.359101

5.89844 0.359115
5.90625 0.359102

5.90625 0.35909
5.91406 0.359079

5.91406 0.359092
5.92188 0.359084

5.92188 0.359071
5.92969 0.359065

5.92969 0.359078
5.9375 0.359075

5.9375 0.359063
5.94531 0.359059

5.94531 0.359072
5.95312 0.359069

5.95312 0.359056
5.96094 0.359055

5.96094 0.359068
5.96875 0.359068

5.96875 0.359056
5.97656 0.359055

5.97656 0.359067
5.98438 0.359066

5.98438 0.359053
5.99219 0.359053

5.99219 0.359066
6 0.359065

