4.82031 0.364824
4.82812 0.364811

4.82812 0.36481
4.83594 0.364796

4.83594 0.364797
4.84375 0.364784

4.84375 0.364783
4.85156 0.36477

6.82812 0.122372
6.82686 0.125

6.83594 0.104756
6.83404 0.109375

6.84019 0.09375
6.83726 0.101562

6.83594 0.104695
6.83722 0.101562

6.83405 0.109375
6.83059 0.117188

6.82812 0.122261
6.83057 0.117188

6.84925 0.0625
6.84734 0.0703125

6.84734 0.0703125
6.84518 0.078125

5.77344 0.363615
5.78125 0.363575

5.78125 0.363574
5.78906 0.363532

4.85156 0.364771
4.85938 0.364758

5.78906 0.363533
5.79688 0.36349

5.79688 0.363489
5.80469 0.363444

6.84375 0.0827713
6.84516 0.078125

4.39578 0
4.39579 0.0078125

4.85938 0.364758
4.86719 0.364746

4.39579 0.0078125
4.39583 0.015625

5.80469 0.363446
5.8125 0.3634

6.8125 0.150184
6.80858 0.15625

4.39583 0.015625
4.39589 0.0234375

4.86719 0.364746
4.875 0.364735

4.875 0.364735
4.88281 0.364724

4.88281 0.364724
4.89062 0.364714

6.78906 0.182129
6.78447 0.1875

6.79688 0.172546
6.79117 0.179688

6.78906 0.182102
6.79108 0.179688

4.39589 0.0234375
4.39599 0.03125

4.89062 0.364714
4.89844 0.364704

4.39599 0.03125
4.39612 0.0390625

6.80469 0.161952
6.80324 0.164062

6.80317 0.164062
6.79739 0.171875

4.89844 0.364705
4.90625 0.364696

6.80469 0.161815
6.80854 0.15625

4.39612 0.0390625
4.39628 0.046875

6.79688 0.17252
6.79737 0.171875

4.39628 0.046875
4.39649 0.0546875

6.75781 0.214504
6.75294 0.21875

5.8125 0.363399
5.82031 0.363351

5.82031 0.363353
5.82812 0.363304

5.82812 0.363303
5.83594 0.363253

5.83594 0.363254
5.84375 0.363202

5.84375 0.363201
5.85156 0.363148

5.85156 0.363149
5.85938 0.363094

5.85938 0.363093
5.86719 0.363037

5.86719 0.363038
5.875 0.36298

5.875 0.362979
5.88281 0.362919

6.76562 0.207203
6.76165 0.210938

4.39648 0.0546875
4.39672 0.0625

4.90625 0.364695
4.91406 0.364687

4.39672 0.0625
4.397 0.0703125

5.88281 0.362921
5.89062 0.362859

4.91406 0.364688
4.92188 0.36468

6.75781 0.214381
6.76158 0.210938

4.397 0.0703125
4.39733 0.078125

6.77344 0.199421
6.76978 0.203125

4.92188 0.364679
4.92969 0.364672

5.89062 0.362858
5.89844 0.362795

6.78125 0.191082
6.77739 0.195312

5.89844 0.362796
5.90625 0.362731

4.92969 0.364673
4.9375 0.364666

4.39733 0.078125
4.3977 0.0859375

5.90625 0.362729
5.91406 0.362662

6.77344 0.199362
6.7773 0.195312

4.9375 0.364666
4.94531 0.36466

6.76562 0.207111
6.76971 0.203125

4.3977 0.0859375
4.39813 0.09375

5.91406 0.362664
5.92188 0.362594

4.39813 0.09375
4.39844 0.0987603

6.75 0.221226
6.75289 0.21875

4.94531 0.36466
4.95312 0.364654

4.39844 0.0987409
4.39861 0.101562

4.95312 0.364654
4.96094 0.364649

5.92188 0.362592
5.92969 0.36252

6.78125 0.191031
6.78439 0.1875

5.92969 0.362522
5.9375 0.362447

5.9375 0.362446
5.94531 0.362369

4.39861 0.101562
4.39915 0.109375

5.94531 0.36237
5.95312 0.362291

6.82031 0.137146
6.81835 0.140625

5.95312 0.362289
5.96094 0.362206

4.39915 0.109375
4.39975 0.117188

5.96094 0.362208
5.96875 0.362122

5.96875 0.36212
5.97656 0.362032

5.97656 0.362034
5.98438 0.361942

5.98438 0.36194
5.99219 0.361845

5.99219 0.361847
6 0.361748

6 0.361746
6.00781 0.361644

6.00781 0.361646
6.01562 0.36154

6.01562 0.361538
6.02344 0.361428

6.02344 0.36143
6.03125 0.361317

4.39975 0.117188
4.40042 0.125

4.96094 0.364649
4.96875 0.364644

4.40042 0.125
4.40115 0.132812

6.82684 0.125
6.82276 0.132812

4.96875 0.364644
4.97656 0.364639

6.82031 0.137075
6.82272 0.132812

6.81833 0.140625
6.81362 0.148438

6.8125 0.150148
6.81359 0.148438

4.97656 0.36464
4.98438 0.364636

4.98438 0.364635
4.99219 0.364631

4.40115 0.132812
4.40196 0.140625

4.40196 0.140625
4.40285 0.148438

4.40285 0.148438
4.40382 0.15625

4.99219 0.364632
5 0.364628

6.03125 0.361315
6.03906 0.361197

6.03906 0.361199
6.04688 0.361077

6.04688 0.361075
6.05469 0.360947

6.05469 0.360949
6.0625 0.360815

6.0625 0.360813
6.07031 0.360672

4.40382 0.15625
4.40488 0.164062

5 0.364628
5.00781 0.364625

5.00781 0.364625
5.01562 0.364622

6.07031 0.360674
6.07812 0.360524

6.07812 0.360522
6.08594 0.360361

6.08594 0.360364
6.09375 0.360193

5.01562 0.364621
5.02344 0.364619

5.02344 0.364619
5.03125 0.364617

6.09375 0.36019
6.10156 0.360009

6.10156 0.360013
6.10938 0.359819

6.125 0.359367
6.12473 0.359375

6.10938 0.359818
6.11719 0.359603

6.11719 0.359605
6.12482 0.359375

6.125 0.359364
6.13281 0.359113

6.13281 0.359115
6.14062 0.358854

6.14062 0.358849
6.14844 0.358584

6.14844 0.358587
6.15625 0.358323

6.15625 0.358326
6.16406 0.35805

6.16406 0.358053
6.17188 0.357755

6.17188 0.357753
6.17969 0.357433

6.17969 0.357435
6.1875 0.357095

6.1875 0.357091
6.19531 0.356735

6.19531 0.356736
6.20312 0.35637

6.20312 0.356367
6.21094 0.355993

6.21094 0.355995
6.21875 0.355615

6.21875 0.355614
6.22656 0.355227

6.22656 0.355229
6.23438 0.354835

6.23438 0.354834
6.24219 0.354432

6.24219 0.354433
6.25 0.354022

6.25 0.354022
6.25781 0.3536

6.25781 0.353601
6.26562 0.353165

6.26562 0.353165
6.27344 0.352714

6.27344 0.352714
6.28125 0.352246

6.28125 0.352244
6.28906 0.351762

6.29688 0.351269
6.29228 0.351562

6.28906 0.351762
6.29219 0.351562

6.29688 0.351269
6.30469 0.350743

5.03125 0.364616
5.03906 0.364614

4.40488 0.164062
4.40603 0.171875

5.03906 0.364614
5.04688 0.364612

6.30469 0.350743
6.3125 0.350187

5.04688 0.364611
5.05469 0.364609

4.40602 0.171875
4.40625 0.17334

5.05469 0.36461
5.0625 0.364608

6.3125 0.350187
6.32031 0.349601

5.0625 0.364607
5.07031 0.364605

5.07031 0.364606
5.07812 0.364604

5.07812 0.364603
5.08594 0.364601

5.08594 0.364602
5.09375 0.3646

4.40625 0.173296
4.40727 0.179688

4.40726 0.179688
4.40864 0.1875

6.32031 0.349601
6.32812 0.348986

6.32812 0.348985
6.33594 0.348343

6.33594 0.348344
6.34375 0.347674

5.09375 0.364599
5.10156 0.364598

5.10156 0.364598
5.10938 0.364596

5.10938 0.364596
5.11719 0.364594

5.11719 0.364595
5.125 0.364593

5.125 0.364592
5.13281 0.364591

5.13281 0.364591
5.14062 0.364589

5.14062 0.364589
5.14844 0.364587

5.14844 0.364588
5.15625 0.364586

5.15625 0.364585
5.16406 0.364583

5.16406 0.364584
5.17188 0.364582

5.17188 0.364581
5.17969 0.36458

5.17969 0.36458
5.1875 0.364578

5.1875 0.364578
5.19531 0.364575

5.19531 0.364576
5.20312 0.364574

5.20312 0.364573
5.21094 0.364571

5.21094 0.364572
5.21875 0.364569

5.21875 0.364569
5.22656 0.364566

5.22656 0.364567
5.23438 0.364565

5.23438 0.364564
5.24219 0.364561

5.24219 0.364562
5.25 0.364559

5.25 0.364559
5.25781 0.364556

5.25781 0.364557
5.26562 0.364554

5.26562 0.364553
5.27344 0.36455

5.27344 0.364551
5.28125 0.364548

5.28125 0.364547
5.28906 0.364544

5.28906 0.364545
5.29688 0.364541

5.29688 0.364541
5.30469 0.364537

5.30469 0.364538
5.3125 0.364534

5.3125 0.364533
5.32031 0.36453

5.32031 0.36453
5.32812 0.364526

5.32812 0.364526
5.33594 0.364522

5.33594 0.364522
5.34375 0.364518

5.34375 0.364517
5.35156 0.364513

5.35156 0.364513
5.35938 0.364509

5.35938 0.364508
5.36719 0.364503

5.36719 0.364504
5.375 0.364499

5.375 0.364498
5.38281 0.364493

5.38281 0.364494
5.39062 0.364488

5.39062 0.364487
5.39844 0.364482

5.39844 0.364482
5.40625 0.364476

5.40625 0.364476
5.41406 0.36447

5.41406 0.36447
5.42188 0.364464

5.42188 0.364463
5.42969 0.364456

5.42969 0.364457
5.4375 0.36445

5.4375 0.364449
5.44531 0.364442

5.44531 0.364443
5.45312 0.364435

5.45312 0.364434
5.46094 0.364426

5.46094 0.364427
5.46875 0.364419

5.46875 0.364418
5.47656 0.364409

5.47656 0.36441
5.48438 0.364401

5.48438 0.3644
5.49219 0.364391

5.49219 0.364392
5.5 0.364382

5.5 0.364381
5.50781 0.364371

5.50781 0.364372
5.51562 0.364361

5.51562 0.36436
5.52344 0.364349

5.52344 0.36435
5.53125 0.364338

5.53125 0.364338
5.53906 0.364326

5.53906 0.364326
5.54688 0.364314

5.54688 0.364313
5.55469 0.3643

5.55469 0.364301
5.5625 0.364287

5.5625 0.364286
5.57031 0.364272

5.57031 0.364273
5.57812 0.364258

5.57812 0.364257
5.58594 0.364242

5.58594 0.364242
5.59375 0.364226

5.59375 0.364226
5.60156 0.364209

6.34375 0.347673
6.35156 0.346976

6.35156 0.346977
6.35938 0.346253

4.40864 0.1875
4.41016 0.195312

5.60156 0.36421
5.60938 0.364192

4.41016 0.195312
4.41182 0.203125

4.41182 0.203125
4.41363 0.210938

4.41361 0.210938
4.41406 0.212743

4.41406 0.212674
4.4156 0.21875

6.35938 0.34625
6.36719 0.345503

6.36719 0.345505
6.375 0.344736

6.39062 0.343157
6.38483 0.34375

6.39062 0.343157
6.39844 0.342323

6.39844 0.342324
6.40625 0.341451

6.375 0.344731
6.38281 0.343948

6.38281 0.343952
6.38479 0.34375

6.40625 0.341449
6.41406 0.340539

6.41406 0.340541
6.42188 0.339595

6.42188 0.339596
6.42969 0.338608

6.42969 0.338609
6.4375 0.337575

6.4375 0.337573
6.44531 0.336495

6.45312 0.335384
6.44926 0.335938

6.44531 0.336489
6.44916 0.335938

6.45312 0.335378
6.46094 0.33421

6.46094 0.334209
6.46875 0.332992

6.46875 0.332992
6.47656 0.331725

6.47656 0.331729
6.48438 0.330403

6.5 0.327625
6.49725 0.328125

6.48438 0.330394
6.49219 0.329019

6.49219 0.329013
6.49708 0.328125

6.71875 0.244994
6.71113 0.25

6.73438 0.234016
6.73389 0.234375

6.72656 0.239616
6.72286 0.242188

6.71875 0.244934
6.72271 0.242188

6.72656 0.239551
6.73363 0.234375

6.73438 0.233868
6.74219 0.227781

6.75 0.221302
6.74365 0.226562

6.74219 0.227716
6.74361 0.226562

6.5 0.327611
6.50781 0.326129

6.50781 0.326131
6.51562 0.324571

6.51562 0.324573
6.52344 0.322928

6.52344 0.322927
6.53125 0.321195

6.53906 0.319386
6.53509 0.320312

6.53125 0.321186
6.535 0.320312

6.53906 0.319378
6.54688 0.317459

6.54688 0.317458
6.55469 0.315437

6.55469 0.315427
6.5625 0.313325

6.57031 0.311171
6.56552 0.3125

6.57031 0.31117
6.57812 0.308912

6.57812 0.308915
6.58594 0.30654

6.59375 0.304103
6.59191 0.304688

6.58594 0.306513
6.59169 0.304688

6.59375 0.304057
6.60156 0.301482

6.60156 0.301479
6.60938 0.298804

6.61719 0.296088
6.61497 0.296875

6.61719 0.296049
6.625 0.293154

6.60938 0.298781
6.61475 0.296875

6.5625 0.313307
6.56541 0.3125

6.65625 0.28008
6.65365 0.28125

6.625 0.293156
6.63281 0.290102

6.64062 0.286899
6.63536 0.289062

6.63281 0.290075
6.63528 0.289062

6.64062 0.286888
6.64844 0.28353

6.64844 0.2835
6.65344 0.28125

6.65625 0.280028
6.66406 0.276333

6.67188 0.272537
6.67006 0.273438

6.66406 0.276294
6.66982 0.273438

6.6875 0.264229
6.68493 0.265625

6.67188 0.272451
6.67969 0.268398

6.67969 0.268365
6.68473 0.265625

6.6875 0.264165
6.69531 0.259696

6.70312 0.255022
6.69848 0.257812

6.69531 0.259647
6.69837 0.257812

6.70312 0.254989
6.71094 0.250098

6.71094 0.250122
6.71113 0.25

6.85651 0
6.85639 0.0078125

6.85639 0.0078125
6.85604 0.015625

6.85604 0.015625
6.85546 0.0234375

6.85546 0.0234375
6.85466 0.03125

6.85466 0.03125
6.85363 0.0390625

6.85363 0.0390625
6.85238 0.046875

6.85156 0.0512982
6.85093 0.0546875

6.85093 0.0546875
6.84925 0.0625

6.85156 0.0512574
6.85238 0.046875

6.84375 0.0828854
6.84282 0.0859375

6.84282 0.0859375
6.84019 0.09375

5.60938 0.364191
5.61719 0.364173

4.41558 0.21875
4.41777 0.226562

4.41777 0.226562
4.4202 0.234375

4.42018 0.234375
4.42188 0.239287

4.42188 0.23922
4.4229 0.242188

4.42289 0.242188
4.42585 0.25

4.42585 0.25
4.42908 0.257812

4.429 0.257812
4.42969 0.259315

4.42969 0.259154
4.43264 0.265625

4.4326 0.265625
4.43659 0.273438

4.43651 0.273438
4.4375 0.275179

4.4375 0.27498
4.44107 0.28125

4.441 0.28125
4.44531 0.288044

4.44531 0.288014
4.44597 0.289062

4.44591 0.289062
4.45158 0.296875

4.45136 0.296875
4.45312 0.299114

4.45312 0.298615
4.45813 0.304688

4.45797 0.304688
4.46094 0.308027

4.46094 0.307857
4.46533 0.3125

4.46514 0.3125
4.46875 0.315976

4.46875 0.315795
4.47396 0.320312

4.47366 0.320312
4.47656 0.32271

4.47656 0.322614
4.48387 0.328125

4.48356 0.328125
4.48438 0.328696

4.48438 0.328504
4.49219 0.33356

4.49219 0.333421
4.49664 0.335938

5.61719 0.364174
5.625 0.364155

5.625 0.364154
5.63281 0.364135

5.63281 0.364135
5.64062 0.364115

4.49639 0.335938
4.5 0.337974

4.5 0.337895
4.50781 0.341815

4.50781 0.341772
4.51233 0.34375

4.51209 0.34375
4.51562 0.345297

4.51562 0.34522
4.52344 0.348182

4.52344 0.348158
4.53125 0.350746

4.53125 0.350723
4.53413 0.351562

4.53404 0.351562
4.53906 0.353025

4.53906 0.353014
4.54688 0.35499

4.54688 0.354984
4.55469 0.356677

4.55469 0.356671
4.5625 0.358106

4.5625 0.358099
4.57031 0.359304

4.57031 0.359308
4.57084 0.359375

4.57027 0.359375
4.57031 0.359382

4.57089 0.359375
4.57812 0.360296

4.57812 0.360276
4.58594 0.361106

4.58594 0.361114
4.59375 0.361804

4.59375 0.361792
4.60156 0.362347

4.60156 0.362344
4.60938 0.362798

4.60938 0.36279
4.61719 0.363163

4.61719 0.363161
4.625 0.363473

4.625 0.363468
4.63281 0.363732

4.63281 0.363732
4.64062 0.363957

4.64062 0.363954
4.64844 0.364144

4.64844 0.364144
4.65625 0.364304

4.65625 0.364303
4.66406 0.364437

4.66406 0.364437
4.67188 0.364549

4.67188 0.364548
4.67969 0.36464

4.67969 0.36464
4.6875 0.364715

4.6875 0.364713
4.69531 0.364773

4.69531 0.364773
4.70312 0.364821

4.70312 0.364819
4.71094 0.364855

4.71094 0.364856
4.71875 0.364882

4.71875 0.364881
4.72656 0.364899

4.72656 0.3649
4.73438 0.364911

4.73438 0.36491
4.74219 0.364916

4.74219 0.364917
4.75 0.364918

4.75 0.364917
4.75781 0.364914

4.75781 0.364915
4.76562 0.364909

4.76562 0.364908
4.77344 0.3649

4.77344 0.3649
4.78125 0.36489

4.78125 0.364889
4.78906 0.364878

4.78906 0.364878
4.79688 0.364866

4.79688 0.364865
4.80469 0.364852

4.80469 0.364852
4.8125 0.364838

4.8125 0.364838
4.82031 0.364824

5.64062 0.364114
5.64844 0.364093

5.64844 0.364094
5.65625 0.364072

5.65625 0.364071
5.66406 0.364048

5.66406 0.364049
5.67188 0.364025

5.67188 0.364024
5.67969 0.363999

5.67969 0.364
5.6875 0.363974

5.6875 0.363973
5.69531 0.363946

5.69531 0.363947
5.70312 0.363919

5.70312 0.363918
5.71094 0.363889

5.71094 0.36389
5.71875 0.36386

5.71875 0.363859
5.72656 0.363828

5.72656 0.363829
5.73438 0.363796

5.73438 0.363795
5.74219 0.363762

5.74219 0.363763
5.75 0.363728

5.75 0.363727
5.75781 0.363691

5.75781 0.363692
5.76562 0.363654

5.76562 0.363653
5.77344 0.363614

