6 0.358935
6.00781 0.358929

6.00781 0.358939
6.01562 0.358933

6.01562 0.358922
6.02344 0.358916

6.02344 0.358927
6.03125 0.358922

6.03125 0.358911
6.03906 0.358904

6.03906 0.358914
6.04688 0.358907

6.04688 0.358896
6.05469 0.358889

6.05469 0.3589
6.0625 0.358893

6.0625 0.358883
6.07031 0.358875

6.07031 0.358884
6.07812 0.358875

6.07812 0.358865
6.08594 0.358856

6.08594 0.358867
6.09375 0.358858

6.09375 0.358848
6.10156 0.358838

6.10156 0.358848
6.10938 0.358837

6.10938 0.358827
6.11719 0.358816

6.11719 0.358827
6.125 0.358816

6.125 0.358806
6.13281 0.358794

6.13281 0.358804
6.14062 0.358791

6.14062 0.358781
6.14844 0.358768

6.14844 0.358778
6.15625 0.358765

6.15625 0.358755
6.16406 0.358741

6.16406 0.35875
6.17188 0.358734

6.17188 0.358725
6.17969 0.358709

6.17969 0.358719
6.1875 0.358703

6.1875 0.358693
6.19531 0.358676

6.19531 0.358685
6.20312 0.358666

6.20312 0.358657
6.21094 0.358638

6.21094 0.358647
6.21875 0.358628

6.21875 0.358619
6.22656 0.358597

6.22656 0.358606
6.23438 0.358584

6.23438 0.358574
6.24219 0.358551

6.24219 0.358561
6.25 0.358537

6.25 0.358528
6.25781 0.358502

6.25781 0.358511
6.26562 0.358483

6.26562 0.358474
6.27344 0.358446

6.27344 0.358455
6.28125 0.358426

6.28125 0.358417
6.28906 0.358385

6.28906 0.358393
6.29688 0.35836

6.29688 0.358351
6.30469 0.358317

6.30469 0.358325
6.3125 0.35829

6.3125 0.358282
6.32031 0.358243

6.32031 0.358251
6.32812 0.358211

6.32812 0.358203
6.33594 0.358162

6.33594 0.35817
6.34375 0.358128

6.34375 0.358121
6.35156 0.358076

6.35156 0.358083
6.35938 0.358037

6.35938 0.35803
6.36719 0.357983

6.36719 0.357991
6.375 0.357943

6.375 0.357936
6.38281 0.357886

6.38281 0.357892
6.39062 0.357841

6.39062 0.357834
6.39844 0.357782

6.39844 0.357789
6.40625 0.357736

6.40625 0.357729
6.41406 0.357674

6.41406 0.35768
6.42188 0.357623

6.42188 0.357616
6.42969 0.357558

6.42969 0.357565
6.4375 0.357506

6.4375 0.3575
6.44531 0.357438

6.44531 0.357444
6.45312 0.357381

6.45312 0.357375
6.46094 0.357311

6.46094 0.357317
6.46875 0.357252

6.46875 0.357246
6.47656 0.357179

6.47656 0.357184
6.48438 0.357114

6.48438 0.357109
6.49219 0.357038

6.49219 0.357044
6.5 0.356971

6.5 0.356966
6.50781 0.356891

6.50781 0.356896
6.51562 0.356819

6.51562 0.356814
6.52344 0.356735

6.52344 0.35674
6.53125 0.356659

6.53125 0.356654
6.53906 0.356571

6.53906 0.356575
6.54688 0.356489

6.54688 0.356484
6.55469 0.356396

6.55469 0.356401
6.5625 0.356311

6.5625 0.356306
6.57031 0.356213

6.57031 0.356217
6.57812 0.356121

6.57812 0.356116
6.58594 0.356018

6.58594 0.356023
6.59375 0.355922

6.59375 0.355918
6.60156 0.355814

6.60156 0.355818
6.60938 0.355712

6.60938 0.355706
6.61719 0.355598

6.61719 0.355605
6.625 0.355492

6.625 0.355486
6.63281 0.355368

6.63281 0.355373
6.64062 0.355253

6.64062 0.355249
6.64844 0.355126

6.64844 0.355131
6.65625 0.355006

6.65625 0.355001
6.66406 0.354871

6.66406 0.354875
6.67188 0.354741

6.67188 0.354736
6.67969 0.354598

6.67969 0.354602
6.6875 0.354459

6.6875 0.354454
6.69531 0.354305

6.69531 0.354309
6.70312 0.354155

6.70312 0.354151
6.71094 0.353991

6.71094 0.353995
6.71875 0.353829

6.71875 0.353825
6.72656 0.353653

6.72656 0.353657
6.73438 0.353477

6.73438 0.353473
6.74219 0.353286

6.74219 0.353291
6.75 0.353096

6.75 0.353091
6.75781 0.352887

6.75781 0.352891
6.76562 0.352677

6.76562 0.352672
6.77344 0.352449

6.77344 0.352454
6.78125 0.352223

6.78125 0.352217
6.78906 0.351979

6.78906 0.351986
6.79688 0.35174

6.80469 0.351483
6.80235 0.351562

6.79688 0.351736
6.80202 0.351562

6.80469 0.351482
6.8125 0.351187

6.8125 0.351181
6.82031 0.350855

6.82031 0.350853
6.82812 0.350511

6.82812 0.35051
6.83594 0.350159

6.83594 0.350158
6.84375 0.349799

6.84375 0.349798
6.85156 0.349433

6.85156 0.349435
6.85938 0.349065

6.85938 0.349063
6.86719 0.348685

6.86719 0.348688
6.875 0.348301

6.875 0.348303
6.88281 0.347899

6.88281 0.347896
6.89062 0.347474

6.89062 0.347473
6.89844 0.347041

6.89844 0.347043
6.90625 0.346598

6.90625 0.346594
6.91406 0.346143

6.91406 0.346153
6.92188 0.345684

6.92188 0.345683
6.92969 0.345178

6.92969 0.345178
6.9375 0.344638

6.95312 0.343572
6.95056 0.34375

6.95312 0.343566
6.96094 0.342964

6.96094 0.342969
6.96875 0.342323

6.9375 0.344615
6.94531 0.344087

6.94531 0.344127
6.95073 0.34375

6.96875 0.342305
6.97656 0.341641

5 0.322347
5.00781 0.325038

5.00781 0.325024
5.01562 0.327351

5.01562 0.327265
5.01878 0.328125

5.01867 0.328125
5.02344 0.329422

6.97656 0.341654
6.98438 0.340982

5.02344 0.329445
5.03125 0.33144

4.99635 0
4.99635 0.0078125

4.99636 0.0078125
4.99633 0.015625

4.99633 0.015625
4.99624 0.0234375

4.99624 0.0234375
4.99606 0.03125

4.99606 0.03125
4.99578 0.0390625

7.09375 0.327512
7.10156 0.326111

4.99578 0.0390625
4.9954 0.046875

4.99542 0.046875
4.99491 0.0546875

5.03125 0.331414
5.03906 0.333258

4.99489 0.0546875
4.99422 0.0625

5.03906 0.333259
5.04688 0.335002

4.99424 0.0625
4.9934 0.0703125

5.04688 0.334994
5.05136 0.335938

6.98438 0.340981
6.99219 0.340277

6.99219 0.340285
7 0.339534

5.05128 0.335938
5.05469 0.336654

5.05469 0.336638
5.0625 0.338194

7.10156 0.326115
7.10938 0.32458

7.10938 0.324547
7.11719 0.322937

7.11719 0.32294
7.125 0.321315

7.16406 0.312179
7.16279 0.3125

7.16406 0.312171
7.17188 0.310081

7.17188 0.310048
7.17969 0.307818

7.17969 0.307801
7.1875 0.305532

7.13281 0.319669
7.12981 0.320312

7.125 0.321318
7.12969 0.320312

7.13281 0.31966
7.14062 0.31789

7.14062 0.317878
7.14844 0.316025

7.14844 0.316029
7.15625 0.314109

7.15625 0.314086
7.16254 0.3125

7.19531 0.303243
7.19047 0.304688

7.1875 0.305539
7.19035 0.304688

7.19531 0.303243
7.20312 0.300765

7.21875 0.295554
7.21494 0.296875

7.20312 0.30072
7.21094 0.29816

7.21094 0.298214
7.2148 0.296875

7.21875 0.295522
7.22656 0.292534

7.22656 0.292468
7.23438 0.289348

7.24219 0.286193
7.23518 0.289062

7.23438 0.289355
7.23509 0.289062

7.24219 0.286192
7.25 0.282832

7.3125 0.248637
7.31041 0.25

7.3125 0.248473
7.32031 0.243073

7.32812 0.23744
7.32161 0.242188

7.32031 0.243051
7.32154 0.242188

7.33594 0.231409
7.33213 0.234375

7.34375 0.224868
7.34175 0.226562

7.33594 0.231253
7.34155 0.226562

7.32812 0.237357
7.332 0.234375

7.35156 0.218022
7.35076 0.21875

7.35938 0.210589
7.35902 0.210938

7.35156 0.217878
7.35888 0.210938

7.36719 0.202669
7.36675 0.203125

7.375 0.194145
7.37397 0.195312

7.36719 0.202501
7.37385 0.195312

7.35938 0.210402
7.36656 0.203125

7.34375 0.224719
7.35049 0.21875

7.4375 0.0741279
7.43654 0.078125

7.43652 0.078125
7.43436 0.0859375

7.43434 0.0859375
7.43197 0.09375

7.42188 0.120924
7.42007 0.125

7.42969 0.100777
7.42943 0.101562

7.42944 0.101562
7.42661 0.109375

7.42969 0.100674
7.43196 0.09375

7.42658 0.109375
7.42346 0.117188

7.42188 0.120821
7.42348 0.117188

7.44648 0
7.44635 0.0078125

7.44634 0.0078125
7.44599 0.015625

7.44531 0.0251605
7.44476 0.03125

7.44599 0.015625
7.44547 0.0234375

7.44531 0.0250514
7.44546 0.0234375

7.44476 0.03125
7.44386 0.0390625

7.44386 0.0390625
7.44276 0.046875

7.44275 0.046875
7.44146 0.0546875

7.44147 0.0546875
7.44001 0.0625

7.44001 0.0625
7.43838 0.0703125

7.4375 0.0740709
7.4384 0.0703125

7.40625 0.150986
7.40307 0.15625

7.38281 0.184765
7.38061 0.1875

7.39062 0.174707
7.3869 0.179688

7.38281 0.184622
7.38677 0.179688

7.39844 0.163481
7.39807 0.164062

7.39802 0.164062
7.39269 0.171875

7.39844 0.163302
7.40297 0.15625

7.39062 0.174664
7.39264 0.171875

7.41406 0.136914
7.41211 0.140625

7.42001 0.125
7.41619 0.132812

7.41406 0.136788
7.41615 0.132812

7.41208 0.140625
7.40772 0.148438

7.40625 0.15088
7.40772 0.148438

7.375 0.193924
7.38052 0.1875

7.25781 0.279308
7.25357 0.28125

7.25781 0.279239
7.26562 0.275466

7.27344 0.271625
7.2698 0.273438

7.26562 0.275422
7.26961 0.273438

7.27344 0.271604
7.28125 0.267528

7.25 0.282823
7.25343 0.28125

7.28906 0.263201
7.28477 0.265625

7.28906 0.263087
7.29688 0.258404

7.28125 0.267528
7.28462 0.265625

7.30469 0.253592
7.29787 0.257812

7.29688 0.258369
7.29779 0.257812

7.30469 0.253585
7.31016 0.25

4.99338 0.0703125
4.99239 0.078125

4.99219 0.0796162
4.99129 0.0859375

4.9913 0.0859375
4.99004 0.09375

4.99219 0.0795597
4.99239 0.078125

5.0625 0.338207
5.07031 0.33966

5.07031 0.339666
5.07812 0.340975

7 0.339525
7.00781 0.338732

7.00781 0.338739
7.01562 0.337906

7.01562 0.337897
7.02344 0.33703

7.02344 0.337035
7.03125 0.336142

7.03906 0.335209
7.033 0.335938

5.07812 0.340971
5.08594 0.342132

4.98438 0.120025
4.98303 0.125

5.08594 0.342112
5.09375 0.343173

5.09375 0.343138
5.09836 0.34375

4.99003 0.09375
4.9886 0.101562

4.98861 0.101562
4.98698 0.109375

4.98699 0.109375
4.98514 0.117188

5.09805 0.34375
5.10156 0.344216

4.98438 0.120032
4.98514 0.117188

4.92969 0.216037
4.9269 0.21875

4.9375 0.208104
4.9348 0.210938

7.03125 0.336141
7.03294 0.335938

7.03906 0.335201
7.04688 0.334218

7.04688 0.334214
7.05469 0.333206

7.05469 0.333213
7.0625 0.332172

7.0625 0.332169
7.07031 0.331085

7.07031 0.331093
7.07812 0.329957

7.09375 0.327521
7.09004 0.328125

7.07812 0.32995
7.08594 0.328762

7.08594 0.328777
7.08994 0.328125

5.10156 0.344223
5.10938 0.34521

5.10938 0.345198
5.11719 0.3461

4.92969 0.21602
4.93478 0.210938

4.91406 0.232337
4.91267 0.234375

5.11719 0.3461
5.125 0.34694

5.125 0.346937
5.13281 0.347721

5.13281 0.34772
5.14062 0.348456

4.92188 0.223559
4.91908 0.226562

4.91406 0.232729
4.91879 0.226562

4.91252 0.234375
4.90908 0.242188

5.14062 0.348452
5.14844 0.349152

5.14844 0.349156
5.15625 0.349821

4.90889 0.242188
4.90882 0.25

4.92188 0.223539
4.9266 0.21875

4.96875 0.16304
4.96828 0.164062

4.96836 0.164062
4.96424 0.171875

5.15625 0.349819
5.16406 0.350448

5.16406 0.350447
5.17188 0.351044

4.96094 0.177357
4.95956 0.179688

4.95966 0.179688
4.95451 0.1875

4.96094 0.17732
4.96415 0.171875

5.17188 0.351046
5.17907 0.351562

5.17898 0.351562
5.17969 0.351613

4.98303 0.125
4.98068 0.132812

4.98069 0.132812
4.97805 0.140625

5.17969 0.35161
5.1875 0.352124

5.1875 0.35212
5.19531 0.352592

5.19531 0.352596
5.20312 0.353023

5.20312 0.353016
5.21094 0.353406

5.21094 0.353408
5.21875 0.35377

4.97656 0.144613
4.97514 0.148438

4.97517 0.148438
4.97191 0.15625

5.21875 0.353765
5.22656 0.354105

5.22656 0.354108
5.23438 0.354431

4.97656 0.144588
4.97804 0.140625

4.96875 0.163028
4.97189 0.15625

4.94531 0.199298
4.94211 0.203125

4.95312 0.189303
4.94863 0.195312

5.23438 0.354427
5.24219 0.354734

5.24219 0.354738
5.25 0.355029

4.94531 0.199396
4.9486 0.195312

5.25 0.355025
5.25781 0.3553

5.25781 0.355303
5.26562 0.355563

4.9375 0.208183
4.94208 0.203125

4.95312 0.189327
4.95443 0.1875

5.26562 0.355559
5.27344 0.355806

5.27344 0.35581
5.28125 0.356043

4.90927 0.25
4.91201 0.257812

4.91197 0.257812
4.91406 0.261597

4.91406 0.260952
4.91665 0.265625

5.28125 0.356039
5.28906 0.356258

5.28906 0.356261
5.29688 0.356467

4.9164 0.265625
4.92188 0.273049

4.92181 0.273438
4.92188 0.273517

4.92188 0.272805
4.92237 0.273438

5.29688 0.356463
5.30469 0.356657

5.30469 0.356661
5.3125 0.356843

4.92224 0.273438
4.92945 0.28125

4.92904 0.28125
4.92969 0.281888

4.92969 0.281488
4.9375 0.288544

5.3125 0.356839
5.32031 0.357009

5.32031 0.357014
5.32812 0.357173

4.93739 0.289062
4.9375 0.289156

4.9375 0.288326
4.93843 0.289062

4.93835 0.289062
4.94531 0.294444

5.32812 0.357168
5.33594 0.357319

5.33594 0.357324
5.34375 0.357465

4.94531 0.29435
4.949 0.296875

4.94879 0.296875
4.95312 0.299831

4.95312 0.299763
4.96094 0.304472

5.34375 0.357459
5.35156 0.35759

5.35156 0.357596
5.35938 0.357718

4.9608 0.304688
4.96094 0.304767

4.96094 0.304286
4.96167 0.304688

5.35938 0.357712
5.36719 0.357827

5.36719 0.357833
5.375 0.35794

4.9615 0.304688
4.96875 0.308669

4.96875 0.308713
4.97622 0.3125

4.9762 0.3125
4.97656 0.312686

4.97656 0.312668
4.98438 0.316209

5.375 0.357934
5.38281 0.358033

5.38281 0.358039
5.39062 0.358131

4.98438 0.316183
4.99219 0.319367

4.99219 0.319283
4.99491 0.320312

4.99473 0.320312
5 0.322309

5.39062 0.358124
5.39844 0.358211

5.39844 0.358218
5.40625 0.358298

5.40625 0.358291
5.41406 0.358365

5.41406 0.358372
5.42188 0.358441

5.42188 0.358432
5.42969 0.358496

5.42969 0.358505
5.4375 0.358564

5.4375 0.358556
5.44531 0.35861

5.44531 0.358618
5.45312 0.358668

5.45312 0.358659
5.46094 0.358705

5.46094 0.358715
5.46875 0.358757

5.46875 0.358748
5.47656 0.358787

5.47656 0.358796
5.48438 0.358831

5.48438 0.358821
5.49219 0.358854

5.49219 0.358864
5.5 0.358894

5.5 0.358884
5.50781 0.358911

5.50781 0.358921
5.51562 0.358945

5.51562 0.358934
5.52344 0.358957

5.52344 0.358968
5.53125 0.358988

5.53125 0.358978
5.53906 0.358995

5.53906 0.359006
5.54688 0.359021

5.54688 0.35901
5.55469 0.359025

5.55469 0.359036
5.5625 0.359049

5.5625 0.359038
5.57031 0.359049

5.57031 0.35906
5.57812 0.359069

5.57812 0.359058
5.58594 0.359066

5.58594 0.359078
5.59375 0.359086

5.59375 0.359075
5.60156 0.359081

5.60156 0.359092
5.60938 0.359097

5.60938 0.359085
5.61719 0.35909

5.61719 0.359102
5.625 0.359107

5.625 0.359096
5.63281 0.359099

5.63281 0.35911
5.64062 0.359112

5.64062 0.359101
5.64844 0.359103

5.64844 0.359115
5.65625 0.359117

5.65625 0.359106
5.66406 0.359107

5.66406 0.359118
5.67188 0.359119

5.67188 0.359108
5.67969 0.359109

5.67969 0.35912
5.6875 0.359122

5.6875 0.35911
5.69531 0.35911

5.69531 0.359121
5.70312 0.359121

5.70312 0.359109
5.71094 0.359109

5.71094 0.359121
5.71875 0.359121

5.71875 0.359109
5.72656 0.359108

5.72656 0.359119
5.73438 0.359117

5.73438 0.359106
5.74219 0.359104

5.74219 0.359116
5.75 0.359115

5.75 0.359103
5.75781 0.359101

5.75781 0.359112
5.76562 0.359108

5.76562 0.359097
5.77344 0.359094

5.77344 0.359106
5.78125 0.359103

5.78125 0.359091
5.78906 0.359087

5.78906 0.359098
5.79688 0.359093

5.79688 0.359082
5.80469 0.359077

5.80469 0.359089
5.8125 0.359084

5.8125 0.359073
5.82031 0.359068

5.82031 0.359078
5.82812 0.359072

5.82812 0.359061
5.83594 0.359055

5.83594 0.359067
5.84375 0.359061

5.84375 0.35905
5.85156 0.359044

5.85156 0.359055
5.85938 0.359048

5.85938 0.359037
5.86719 0.359031

5.86719 0.359042
5.875 0.359036

5.875 0.359025
5.88281 0.359019

5.88281 0.35903
5.89062 0.359023

5.89062 0.359012
5.89844 0.359006

5.89844 0.359017
5.90625 0.359012

5.90625 0.359001
5.91406 0.358995

5.91406 0.359005
5.92188 0.358999

5.92188 0.358988
5.92969 0.358983

5.92969 0.358994
5.9375 0.358989

5.9375 0.358978
5.94531 0.358972

5.94531 0.358983
5.95312 0.358977

5.95312 0.358966
5.96094 0.358961

5.96094 0.358972
5.96875 0.358967

5.96875 0.358957
5.97656 0.358951

5.97656 0.358961
5.98438 0.358956

5.98438 0.358945
5.99219 0.35894

5.99219 0.358951
6 0.358946

