6 0.358998
6.00781 0.358994

6.00781 0.359005
6.01562 0.358999

6.01562 0.358988
6.02344 0.358983

7.0625 0.332698
7.07031 0.331626

7.07031 0.331631
7.07812 0.330482

5 0.321588
5.00781 0.324303

5.00781 0.324264
5.01562 0.326666

5.01562 0.326611
5.02095 0.328125

5.02068 0.328125
5.02344 0.328911

5 0.042676
4.9998 0.046875

4.99979 0.046875
4.99931 0.0546875

7.09375 0.328093
7.09355 0.328125

7.07812 0.330451
7.08594 0.329275

6.02344 0.358994
6.03125 0.358989

7.08594 0.329316
7.09354 0.328125

4.99931 0.0546875
4.9987 0.0625

6.03125 0.358978
6.03906 0.35897

6.03906 0.358981
6.04688 0.358973

7.09375 0.328089
7.10156 0.326741

5.02344 0.328909
5.03125 0.330911

5.03125 0.330841
5.03906 0.332665

5.03906 0.332681
5.04688 0.334437

6.04688 0.358962
6.05469 0.358953

6.05469 0.358965
6.0625 0.358956

6.0625 0.358945
6.07031 0.358935

4.9987 0.0625
4.99797 0.0703125

7.10156 0.326746
7.10938 0.32527

4.99798 0.0703125
4.99711 0.078125

5.04688 0.334431
5.05392 0.335938

4.99712 0.078125
4.9961 0.0859375

5.05394 0.335938
5.05469 0.336097

6.07031 0.358946
6.07812 0.358934

5.05469 0.336098
5.0625 0.337701

7.09375 0.328147
7.09387 0.328125

4.9961 0.0859375
4.9949 0.09375

6.07812 0.358923
6.08594 0.358911

5.0625 0.337739
5.07031 0.339201

7.10938 0.325239
7.11719 0.323686

5.07031 0.339186
5.07812 0.340461

4.99219 0.107707
4.99184 0.109375

5.07812 0.340435
5.08594 0.341606

4.99491 0.09375
4.99348 0.101562

5.08594 0.341598
5.09375 0.34273

5.09375 0.342746
5.10104 0.34375

6.08594 0.358923
6.09375 0.358911

6.09375 0.3589
6.10156 0.358886

6.10156 0.358896
6.10938 0.358881

4.99219 0.107628
4.99345 0.101562

7.11719 0.323694
7.125 0.322113

4.99183 0.109375
4.99005 0.117188

5.10103 0.34375
5.10156 0.343823

5.10156 0.343814
5.10938 0.344817

7.17188 0.311094
7.16637 0.3125

7.17188 0.311074
7.17969 0.308898

7.17969 0.30887
7.1875 0.306598

4.99007 0.117188
4.98808 0.125

6.10938 0.35887
6.11719 0.358855

4.9375 0.212611
4.92996 0.21875

5.10938 0.344822
5.11719 0.34576

4.91406 0.231587
4.91178 0.234375

5.11719 0.345767
5.125 0.346616

4.92188 0.225039
4.92004 0.226562

5.125 0.346599
5.13281 0.347379

6.11719 0.358866
6.125 0.358851

5.13281 0.347378
5.14062 0.348125

6.125 0.35884
6.13281 0.358823

5.14062 0.348126
5.14844 0.348842

4.91406 0.231684
4.91913 0.226562

5.14844 0.348844
5.15625 0.349521

6.13281 0.358833
6.14062 0.358815

7.125 0.322118
7.13281 0.320484

6.14062 0.358804
6.14844 0.358786

7.14062 0.318775
7.13367 0.320312

5.15625 0.349518
5.16406 0.350158

7.13281 0.32049
7.13362 0.320312

4.91143 0.234375
4.90774 0.242188

6.14844 0.358797
6.15625 0.358779

7.14062 0.318769
7.14844 0.316927

6.15625 0.358769
6.16406 0.358749

7.14844 0.316921
7.15625 0.314986

4.90766 0.242188
4.90823 0.25

7.15625 0.314945
7.16406 0.313011

5.16406 0.350158
5.17188 0.350766

6.16406 0.358759
6.17188 0.358738

5.17188 0.350768
5.17969 0.35134

6.17188 0.358728
6.17969 0.358708

4.92188 0.224804
4.92959 0.21875

7.16406 0.313069
7.16629 0.3125

4.96094 0.186667
4.96038 0.1875

7.19531 0.304334
7.19412 0.304688

4.96875 0.174059
4.9655 0.179688

6.17969 0.358718
6.1875 0.358698

4.96094 0.186709
4.96556 0.179688

4.98438 0.137394
4.98334 0.140625

5.17969 0.351341
5.18295 0.351562

4.98336 0.140625
4.98057 0.148438

5.18294 0.351562
5.1875 0.351872

6.1875 0.358688
6.19531 0.358666

7.1875 0.306593
7.19391 0.304688

6.19531 0.358676
6.20312 0.358653

6.20312 0.358643
6.21094 0.358621

5.1875 0.35187
5.19531 0.352358

7.19531 0.304309
7.20312 0.301874

5.19531 0.352362
5.20312 0.352805

6.21094 0.358631
6.21875 0.358609

5.20312 0.352799
5.21094 0.353202

7.21875 0.296758
7.2184 0.296875

4.98058 0.148438
4.97743 0.15625

6.21875 0.358599
6.22656 0.358575

4.98808 0.125
4.98584 0.132812

5.21094 0.353204
5.21875 0.353575

4.98438 0.137404
4.98584 0.132812

5.21875 0.353569
5.22656 0.353917

4.97656 0.158155
4.97392 0.164062

4.97399 0.164062
4.97004 0.171875

4.97656 0.158142
4.97741 0.15625

4.96875 0.174063
4.97001 0.171875

4.95312 0.196936
4.94761 0.203125

4.94531 0.205422
4.93937 0.210938

6.22656 0.358584
6.23438 0.35856

6.23438 0.35855
6.24219 0.358526

7.20312 0.301837
7.21094 0.299311

6.24219 0.358536
6.25 0.358511

7.21094 0.299361
7.21827 0.296875

5.22656 0.35392
5.23438 0.354249

5.23438 0.354245
5.24219 0.354557

5.24219 0.354561
5.25 0.354857

4.9375 0.212493
4.93927 0.210938

5.25 0.354853
5.25781 0.355134

4.94531 0.205429
4.94759 0.203125

7.21875 0.296737
7.22656 0.293819

4.96045 0.1875
4.95449 0.195312

6.25 0.358501
6.25781 0.358475

5.25781 0.355138
5.26562 0.355402

7.22656 0.293746
7.23438 0.290662

5.26562 0.355397
5.27344 0.355649

4.95312 0.196912
4.95446 0.195312

5.27344 0.355653
5.28125 0.355891

4.90894 0.25
4.91252 0.257812

5.28125 0.355887
5.28906 0.35611

4.9125 0.257812
4.91406 0.260445

5.28906 0.356114
5.29688 0.356325

4.91406 0.259837
4.91756 0.265625

6.25781 0.358484
6.26562 0.358456

4.91715 0.265625
4.92188 0.27189

6.26562 0.358447
6.27344 0.35842

5.29688 0.35632
5.30469 0.356518

6.27344 0.358429
6.28125 0.358401

6.28125 0.358392
6.28906 0.358362

5.30469 0.356523
5.3125 0.356709

6.28906 0.358371
6.29688 0.35834

4.92188 0.271471
4.92344 0.273438

7.21875 0.29689
7.21879 0.296875

4.92325 0.273438
4.92969 0.280255

7.24219 0.287566
7.23848 0.289062

7.23438 0.290659
7.23833 0.289062

7.24219 0.287557
7.25 0.284221

5.3125 0.356704
5.32031 0.356879

4.92969 0.280069
4.93092 0.28125

5.32031 0.356883
5.32812 0.357047

6.29688 0.358331
6.30469 0.3583

7.32031 0.245207
7.31329 0.25

4.93077 0.28125
4.9375 0.28724

6.30469 0.358309
6.3125 0.358276

4.9375 0.287044
4.94004 0.289062

7.32812 0.239582
7.32452 0.242188

4.93999 0.289062
4.94531 0.293249

7.32031 0.245095
7.32434 0.242188

5.32812 0.357041
5.33594 0.357195

6.3125 0.358268
6.32031 0.358233

5.33594 0.357201
5.34375 0.357345

6.32031 0.358242
6.32812 0.358206

4.94531 0.293271
4.95037 0.296875

5.34375 0.357339
5.35156 0.357474

4.95007 0.296875
4.95312 0.298982

6.32812 0.358197
6.33594 0.358161

7.33594 0.23376
7.33514 0.234375

6.33594 0.358169
6.34375 0.358132

6.34375 0.358124
6.35156 0.358084

4.95312 0.298875
4.96094 0.303691

7.33594 0.233606
7.34375 0.227201

4.96092 0.304688
4.96094 0.304699

5.35156 0.357479
5.35938 0.357605

4.96094 0.303534
4.96302 0.304688

7.32812 0.239499
7.33484 0.234375

6.35156 0.358091
6.35938 0.35805

7.35938 0.213252
7.35345 0.21875

6.35938 0.358042
6.36719 0.357999

5.35938 0.357598
5.36719 0.357716

7.375 0.197051
7.36943 0.203125

5.36719 0.357723
5.375 0.357833

4.96288 0.304688
4.96875 0.307931

5.375 0.357826
5.38281 0.357929

6.36719 0.358007
6.375 0.357963

7.36719 0.205302
7.3616 0.210938

4.96875 0.307964
4.97656 0.311876

5.38281 0.357935
5.39062 0.35803

6.375 0.357956
6.38281 0.357909

5.39062 0.358023
5.39844 0.358112

6.38281 0.357916
6.39062 0.357868

5.39844 0.35812
5.40625 0.358203

5.40625 0.358195
5.41406 0.358272

4.97656 0.311743
4.97824 0.3125

4.97653 0.3125
4.97656 0.312515

6.39062 0.35786
6.39844 0.357811

4.97805 0.3125
4.98438 0.315357

6.39844 0.357818
6.40625 0.357767

5.41406 0.358279
5.42188 0.35835

5.42188 0.358342
5.42969 0.358408

4.98438 0.315357
4.99219 0.318587

4.99219 0.318508
4.99691 0.320312

6.40625 0.35776
6.41406 0.357706

6.41406 0.357713
6.42188 0.357658

7.35938 0.213094
7.36157 0.210938

6.42188 0.357651
6.42969 0.357594

5.42969 0.358417
5.4375 0.358479

4.99669 0.320312
5 0.321578

5.4375 0.35847
5.44531 0.358526

5.00073 0
5.00071 0.0078125

6.42969 0.357601
6.4375 0.357543

7.36719 0.205302
7.3693 0.203125

6.4375 0.357537
6.44531 0.357476

7.35156 0.220347
7.3444 0.226562

5.44531 0.358535
5.45312 0.358587

6.44531 0.357483
6.45312 0.357421

5.45312 0.358577
5.46094 0.358626

7.34375 0.227105
7.34439 0.226562

5.46094 0.358635
5.46875 0.35868

7.35156 0.220371
7.35338 0.21875

5.00071 0.0078125
5.00067 0.015625

6.45312 0.357414
6.46094 0.357351

5.00068 0.015625
5.00059 0.0234375

5.46875 0.35867
5.47656 0.35871

5.00058 0.0234375
5.00041 0.03125

5.47656 0.35872
5.48438 0.358756

5.00043 0.03125
5.00017 0.0390625

5 0.0421663
5.00015 0.0390625

7.4375 0.0831557
7.43675 0.0859375

7.4367 0.0859375
7.43431 0.09375

7.42969 0.107266
7.42893 0.109375

7.4343 0.09375
7.43169 0.101562

6.46094 0.357358
6.46875 0.357293

7.42969 0.107144
7.43169 0.101562

5.48438 0.358746
5.49219 0.35878

5.49219 0.35879
5.5 0.358821

5.5 0.358811
5.50781 0.358838

5.50781 0.358848
5.51562 0.358872

7.42892 0.109375
7.42585 0.117188

7.42584 0.117188
7.42246 0.125

6.46875 0.357287
6.47656 0.35722

7.44897 0
7.44883 0.0078125

5.51562 0.358861
5.52344 0.358883

6.47656 0.357226
6.48438 0.357157

5.52344 0.358895
5.53125 0.358914

5.53125 0.358904
5.53906 0.35892

5.53906 0.358931
5.54688 0.358945

5.54688 0.358934
5.55469 0.358947

7.44882 0.0078125
7.44845 0.015625

5.55469 0.358959
5.5625 0.358971

6.48438 0.357151
6.49219 0.357081

5.5625 0.358959
5.57031 0.358969

7.44844 0.015625
7.44786 0.0234375

5.57031 0.35898
5.57812 0.358987

6.49219 0.357087
6.5 0.357015

5.57812 0.358976
5.58594 0.358983

6.5 0.357009
6.50781 0.356934

6.50781 0.35694
6.51562 0.356862

6.51562 0.356857
6.52344 0.356778

6.52344 0.356784
6.53125 0.356703

7.44786 0.0234375
7.4471 0.03125

7.44531 0.0451586
7.44507 0.046875

7.4471 0.03125
7.44617 0.0390625

5.58594 0.358995
5.59375 0.359001

6.53125 0.356697
6.53906 0.356614

5.59375 0.35899
5.60156 0.358994

7.44531 0.045082
7.44617 0.0390625

5.60156 0.359005
5.60938 0.359009

6.53906 0.356619
6.54688 0.356533

5.60938 0.358997
5.61719 0.359001

7.44506 0.046875
7.44376 0.0546875

5.61719 0.359013
5.625 0.359016

5.625 0.359005
5.63281 0.359007

7.44375 0.0546875
7.44227 0.0625

5.63281 0.359018
5.64062 0.359019

6.54688 0.356527
6.55469 0.356439

5.64062 0.359008
5.64844 0.35901

7.44227 0.0625
7.44061 0.0703125

5.64844 0.359022
5.65625 0.359024

6.55469 0.356444
6.5625 0.356354

5.65625 0.359013
5.66406 0.359014

7.44061 0.0703125
7.43878 0.078125

5.66406 0.359025
5.67188 0.359025

5.67188 0.359014
5.67969 0.359015

5.67969 0.359027
5.6875 0.359029

5.6875 0.359017
5.69531 0.359018

5.69531 0.359029
5.70312 0.35903

5.70312 0.359018
5.71094 0.359019

5.71094 0.359031
5.71875 0.359032

6.5625 0.356348
6.57031 0.356254

5.71875 0.359021
5.72656 0.359022

7.4375 0.0829623
7.4388 0.078125

5.72656 0.359033
5.73438 0.359033

6.57031 0.356259
6.57812 0.356162

5.73438 0.359021
5.74219 0.359022

7.40625 0.155363
7.40573 0.15625

5.74219 0.359034
5.75 0.359035

6.57812 0.356157
6.58594 0.356058

6.58594 0.356063
6.59375 0.355961

5.75 0.359024
5.75781 0.359024

7.39062 0.178192
7.38951 0.179688

5.75781 0.359036
5.76562 0.359035

6.59375 0.355956
6.60156 0.355851

5.76562 0.359024
5.77344 0.359024

7.38942 0.179688
7.38317 0.1875

5.77344 0.359036
5.78125 0.359037

6.60156 0.355856
6.60938 0.355749

5.78125 0.359026
5.78906 0.359026

7.39844 0.1672
7.3952 0.171875

5.78906 0.359037
5.79688 0.359037

6.60938 0.355743
6.61719 0.355635

5.79688 0.359025
5.80469 0.359025

7.40564 0.15625
7.4006 0.164062

5.80469 0.359037
5.8125 0.359038

5.8125 0.359026
5.82031 0.359026

7.39844 0.167076
7.4005 0.164062

7.39062 0.178025
7.39518 0.171875

6.61719 0.355642
6.625 0.355529

6.625 0.355523
6.63281 0.355405

6.63281 0.35541
6.64062 0.355291

5.82031 0.359037
5.82812 0.359036

7.42188 0.126324
7.41873 0.132812

5.82812 0.359024
5.83594 0.359024

6.64062 0.355287
6.64844 0.355166

5.83594 0.359036
5.84375 0.359037

7.41864 0.132812
7.41452 0.140625

5.84375 0.359025
5.85156 0.359024

5.85156 0.359035
5.85938 0.359034

5.85938 0.359023
5.86719 0.359022

5.86719 0.359034
5.875 0.359034

6.64844 0.355171
6.65625 0.355047

6.65625 0.355042
6.66406 0.354914

7.41406 0.141509
7.41023 0.148438

6.66406 0.354918
6.67188 0.354786

5.875 0.359023
5.88281 0.359022

7.40625 0.155173
7.41025 0.148438

5.88281 0.359033
5.89062 0.359032

5.89062 0.35902
5.89844 0.35902

7.41406 0.14147
7.41453 0.140625

7.42188 0.126261
7.42249 0.125

6.67188 0.354781
6.67969 0.354645

6.67969 0.35465
6.6875 0.354509

6.6875 0.354504
6.69531 0.354358

5.89844 0.359032
5.90625 0.359031

7.38281 0.187886
7.37648 0.195312

7.375 0.196948
7.37644 0.195312

6.69531 0.354362
6.70312 0.354211

7.38281 0.187809
7.38307 0.1875

5.90625 0.35902
5.91406 0.359019

6.70312 0.354206
6.71094 0.354051

6.71094 0.354055
6.71875 0.353894

6.71875 0.35389
6.72656 0.353723

5.91406 0.35903
5.92188 0.359029

5.92188 0.359017
5.92969 0.359016

5.92969 0.359028
5.9375 0.359028

6.72656 0.353727
6.73438 0.353554

6.73438 0.35355
6.74219 0.35337

7.25781 0.280784
7.25677 0.28125

6.74219 0.353375
6.75 0.353187

5.9375 0.359016
5.94531 0.359015

6.75 0.353182
6.75781 0.352985

6.75781 0.35299
6.76562 0.352782

6.76562 0.352777
6.77344 0.35256

6.77344 0.352565
6.78125 0.352337

6.78125 0.352331
6.78906 0.352096

5.94531 0.359026
5.95312 0.359024

7.25781 0.280732
7.26562 0.27703

5.95312 0.359012
5.96094 0.359011

6.78906 0.352101
6.79688 0.35186

5.96094 0.359023
5.96875 0.359022

7.27344 0.273224
7.27301 0.273438

5.96875 0.35901
5.97656 0.359008

6.79688 0.351857
6.80469 0.351605

5.97656 0.359019
5.98438 0.359015

5.98438 0.359004
5.99219 0.359001

6.8125 0.351339
6.80618 0.351562

5.99219 0.359013
6 0.35901

7.26562 0.276965
7.27274 0.273438

7.27344 0.273155
7.28125 0.26911

6.80469 0.351615
6.80616 0.351562

6.8125 0.351334
6.82031 0.351023

6.82031 0.35102
6.82812 0.350688

7.25 0.284175
7.25652 0.28125

7.28906 0.264907
7.28776 0.265625

7.28906 0.26479
7.29688 0.260234

6.82812 0.350687
6.83594 0.350342

6.83594 0.350341
6.84375 0.349988

7.28125 0.269076
7.28751 0.265625

7.30469 0.25551
7.30091 0.257812

6.84375 0.349987
6.85156 0.349627

6.85156 0.349628
6.85938 0.349261

6.85938 0.34926
6.86719 0.348886

7.29688 0.260161
7.30073 0.257812

7.30469 0.255486
7.3125 0.2505

7.3125 0.250444
7.31318 0.25

6.86719 0.348889
6.875 0.348501

6.875 0.348495
6.88281 0.348098

6.88281 0.348107
6.89062 0.347696

6.89062 0.347689
6.89844 0.347262

6.89844 0.347265
6.90625 0.346832

6.90625 0.346831
6.91406 0.346386

6.91406 0.346395
6.92188 0.345921

6.92188 0.345915
6.92969 0.345404

6.92969 0.3454
6.9375 0.344871

6.96094 0.343254
6.95444 0.34375

6.96094 0.343245
6.96875 0.342607

6.9375 0.344856
6.94531 0.344348

6.94531 0.344382
6.95312 0.343857

6.95312 0.343842
6.95432 0.34375

6.96875 0.3426
6.97656 0.341949

6.97656 0.341956
6.98438 0.34129

6.98438 0.341285
6.99219 0.340601

6.99219 0.340618
7 0.339895

7 0.339886
7.00781 0.33911

7.00781 0.339116
7.01562 0.338294

7.01562 0.338283
7.02344 0.337424

7.02344 0.337427
7.03125 0.336544

7.03906 0.335641
7.03652 0.335938

7.03125 0.336539
7.03639 0.335938

7.03906 0.335634
7.04688 0.334684

7.04688 0.334678
7.05469 0.333698

7.05469 0.333706
7.0625 0.332693

