5.96875 0.361041
5.97656 0.361024

5.97656 0.361027
5.98438 0.361008

6.94531 0.272858
6.94413 0.273438

6.9375 0.276557
6.94389 0.273438

5 0.360643
5.00781 0.360705

6.94531 0.272759
6.95312 0.268774

4.65 0
4.64998 0.0078125

5.98438 0.361005
5.99219 0.360987

5.99219 0.36099
6 0.360971

4.64998 0.0078125
4.64995 0.015625

4.64995 0.015625
4.64989 0.0234375

6.96094 0.264733
6.95925 0.265625

4.64989 0.0234375
4.64981 0.03125

6.96094 0.264662
6.96875 0.260325

4.64981 0.03125
4.64971 0.0390625

5.00781 0.360709
5.01562 0.360767

4.64971 0.0390625
4.6496 0.046875

5.01562 0.360764
5.02344 0.360819

4.6496 0.046875
4.64947 0.0546875

5.02344 0.360822
5.03125 0.360873

6.95312 0.268739
6.95901 0.265625

5.03125 0.36087
5.03906 0.360918

6 0.360968
6.00781 0.360948

6.00781 0.360951
6.01562 0.360932

6.97656 0.255781
6.97311 0.257812

6.01562 0.360928
6.02344 0.360908

6.96875 0.260279
6.97294 0.257812

4.64947 0.0546875
4.64933 0.0625

4.64933 0.0625
4.64918 0.0703125

6.02344 0.360911
6.03125 0.36089

4.64918 0.0703125
4.64903 0.078125

6.03125 0.360887
6.03906 0.360866

4.64903 0.078125
4.64886 0.0859375

6.03906 0.360869
6.04688 0.360846

5.03906 0.360921
5.04688 0.360966

6.04688 0.360843
6.05469 0.36082

5.04688 0.360963
5.05469 0.361006

6.05469 0.360823
6.0625 0.360799

6.97656 0.255728
6.98438 0.250871

6.0625 0.360796
6.07031 0.360771

6.98438 0.250848
6.9857 0.25

6.07031 0.360774
6.07812 0.360747

4.64886 0.0859375
4.64869 0.09375

5.05469 0.361009
5.0625 0.361048

4.64844 0.10581
4.64836 0.109375

5.0625 0.361045
5.07031 0.361082

4.64869 0.09375
4.64853 0.101562

6.07812 0.360744
6.08594 0.360716

7.125 0.0539388
7.12487 0.0546875

4.64844 0.105799
4.64852 0.101562

7.12486 0.0546875
7.12325 0.0625

4.64836 0.109375
4.64821 0.117188

7.12325 0.0625
7.12136 0.0703125

7.12135 0.0703125
7.1192 0.078125

6.08594 0.360719
6.09375 0.36069

7.11719 0.0848462
7.11686 0.0859375

6.09375 0.360686
6.10156 0.360655

7.11684 0.0859375
7.11425 0.09375

4.64821 0.117188
4.64808 0.125

4.64808 0.125
4.64797 0.132812

4.64796 0.132812
4.64788 0.140625

7.11719 0.0847329
7.11919 0.078125

7.10938 0.106705
7.10831 0.109375

5.07031 0.361085
5.07812 0.36112

7.10156 0.124059
7.10111 0.125

5.07812 0.361117
5.08594 0.361149

7.10832 0.109375
7.10488 0.117188

6.10156 0.360658
6.10938 0.360625

4.64788 0.140625
4.64784 0.148438

5.08594 0.361152
5.09375 0.361182

4.64784 0.148438
4.64784 0.15625

5.09375 0.361179
5.10156 0.361208

4.64784 0.15625
4.6479 0.164062

7.10156 0.123944
7.10483 0.117188

4.6479 0.164062
4.64804 0.171875

7.11425 0.09375
7.1114 0.101562

5.10156 0.36121
5.10938 0.361237

6.10938 0.360622
6.11719 0.360586

5.10938 0.361234
5.11719 0.361258

6.11719 0.36059
6.125 0.360552

5.11719 0.361261
5.125 0.361284

4.64803 0.171875
4.64827 0.179688

4.64827 0.179688
4.64844 0.183359

6.125 0.360549
6.13281 0.36051

6.13281 0.360513
6.14062 0.360472

5.125 0.361281
5.13281 0.361302

7.10938 0.106599
7.11138 0.101562

4.64844 0.183349
4.64863 0.1875

7.0625 0.183406
7.05906 0.1875

4.64862 0.1875
4.64911 0.195312

7.03125 0.21555
7.02755 0.21875

4.64911 0.195312
4.64974 0.203125

5.13281 0.361305
5.14062 0.361325

6.14062 0.360468
6.14844 0.360425

5.14062 0.361322
5.14844 0.36134

6.14844 0.360428
6.15625 0.360383

5.14844 0.361343
5.15625 0.36136

7.01562 0.228606
7.0081 0.234375

4.64974 0.203125
4.65053 0.210938

7 0.240242
7.00781 0.234549

4.65053 0.210938
4.65151 0.21875

7.00781 0.234589
7.0081 0.234375

6.15625 0.36038
6.16406 0.360333

7.02344 0.222246
7.01814 0.226562

6.16406 0.360337
6.17188 0.360288

7.01562 0.228533
7.0181 0.226562

5.15625 0.361357
5.16406 0.361373

4.6515 0.21875
4.6527 0.226562

6.17188 0.360285
6.17969 0.360234

4.65269 0.226562
4.65413 0.234375

6.17969 0.360238
6.1875 0.360185

4.65411 0.234375
4.65582 0.242188

7.02344 0.222132
7.02745 0.21875

5.16406 0.361376
5.17188 0.36139

6.1875 0.360182
6.19531 0.360126

5.17188 0.361387
5.17969 0.361401

6.19531 0.36013
6.20312 0.360069

5.17969 0.361404
5.1875 0.361416

4.65577 0.242188
4.65625 0.244014

4.65625 0.243902
4.65786 0.25

5.1875 0.361413
5.19531 0.361425

5.19531 0.361428
5.20312 0.361438

7.04688 0.200663
7.04444 0.203125

6.20312 0.360066
6.21094 0.359998

4.65784 0.25
4.66035 0.257812

5.20312 0.361436
5.21094 0.361445

7.03906 0.208347
7.03629 0.210938

6.21094 0.360002
6.21875 0.359925

4.66038 0.257812
4.66333 0.265625

6.21875 0.359922
6.22656 0.359834

4.66323 0.265625
4.66406 0.26752

6.22656 0.359838
6.23438 0.359739

4.66406 0.267366
4.66673 0.273438

6.23438 0.359735
6.24219 0.359626

5.21094 0.361448
5.21875 0.361457

6.24219 0.359631
6.25 0.359508

5.21875 0.361454
5.22656 0.361463

7.03125 0.215393
7.03619 0.210938

4.66664 0.273438
4.67078 0.28125

7.03906 0.208236
7.04433 0.203125

4.67062 0.28125
4.67188 0.283282

5.22656 0.361466
5.23438 0.361473

6.25781 0.359367
6.25738 0.359375

5.23438 0.36147
5.24219 0.361478

6.25781 0.359367
6.26562 0.35922

5.24219 0.36148
5.25 0.361487

7.05469 0.192356
7.05198 0.195312

4.67188 0.282886
4.67579 0.289062

6.25 0.359502
6.25721 0.359375

4.6757 0.289062
4.67969 0.29442

6.26562 0.359203
6.27344 0.359076

4.67969 0.294404
4.68155 0.296875

6.27344 0.35909
6.28125 0.358988

7.04688 0.200564
7.05188 0.195312

6.28125 0.358994
6.28906 0.358877

7.05469 0.192297
7.05893 0.1875

6.28906 0.358879
6.29688 0.35873

5.25 0.361484
5.25781 0.36149

4.68144 0.296875
4.6875 0.303641

7.09375 0.138798
7.09273 0.140625

4.6875 0.303496
4.68867 0.304688

5.25781 0.361493
5.26562 0.361498

6.29688 0.358726
6.30469 0.358549

5.26562 0.361495
5.27344 0.3615

5.27344 0.361503
5.28125 0.361507

4.68859 0.304688
4.69531 0.31099

5.28125 0.361505
5.28906 0.361509

6.30469 0.358552
6.3125 0.358349

6.3125 0.358341
6.32031 0.358122

4.69531 0.310909
4.69723 0.3125

5.28906 0.361511
5.29688 0.361515

7.08594 0.151564
7.08289 0.15625

7.0927 0.140625
7.08799 0.148438

7.08594 0.151497
7.08792 0.148438

7.07812 0.163317
7.07761 0.164062

7.07755 0.164062
7.0718 0.171875

4.69711 0.3125
4.70312 0.317276

7.07031 0.173735
7.0656 0.179688

4.70312 0.317093
4.70789 0.320312

7.0625 0.183363
7.06552 0.179688

5.29688 0.361512
5.30469 0.361516

6.32031 0.358124
6.32812 0.357899

4.70757 0.320312
4.71094 0.322544

6.32812 0.357894
6.33594 0.357667

4.71094 0.322447
4.71875 0.326947

4.71875 0.32687
4.72134 0.328125

4.72119 0.328125
4.72656 0.330727

4.72656 0.33065
4.73438 0.333882

6.33594 0.35767
6.34375 0.357445

5.30469 0.361518
5.3125 0.361521

7.07031 0.173724
7.07174 0.171875

4.73438 0.333832
4.74013 0.335938

7.07812 0.163151
7.08287 0.15625

4.73999 0.335938
4.74219 0.33674

5.3125 0.361518
5.32031 0.361521

5.32031 0.361524
5.32812 0.361526

7.10107 0.125
7.09702 0.132812

7.09375 0.13863
7.09699 0.132812

4.74219 0.336693
4.75 0.339278

7.13003 0
7.12991 0.0078125

5.32812 0.361523
5.33594 0.361525

6.34375 0.357443
6.35156 0.35722

5.33594 0.361528
5.34375 0.36153

6.35156 0.357222
6.35938 0.357001

5.34375 0.361527
5.35156 0.361528

4.75 0.339298
4.75781 0.341592

7.12991 0.0078125
7.12958 0.015625

4.75781 0.341576
4.76562 0.34357

7.12958 0.015625
7.12904 0.0234375

4.76562 0.343555
4.76649 0.34375

5.35156 0.361531
5.35938 0.361533

6.35938 0.356999
6.36719 0.35678

5.35938 0.36153
5.36719 0.361531

6.36719 0.356783
6.375 0.356567

4.76558 0.34375
4.76562 0.343762

4.76651 0.34375
4.77344 0.345315

5.36719 0.361534
5.375 0.361534

4.77344 0.345315
4.78125 0.346893

5.375 0.361532
5.38281 0.361532

6.375 0.356565
6.38281 0.35635

7.12904 0.0234375
7.1283 0.03125

6.38281 0.356352
6.39062 0.356137

4.78125 0.346883
4.78906 0.348294

4.78906 0.348285
4.79688 0.349567

7.1283 0.03125
7.12736 0.0390625

7.12736 0.0390625
7.12621 0.046875

6.39062 0.356135
6.39844 0.35592

5.38281 0.361535
5.39062 0.361535

4.79688 0.349558
4.80469 0.35075

5.39062 0.361532
5.39844 0.361533

4.80469 0.350747
4.81039 0.351562

5.39844 0.361535
5.40625 0.361535

5.40625 0.361533
5.41406 0.361532

6.39844 0.355922
6.40625 0.355707

4.81028 0.351562
4.8125 0.35188

7.125 0.0538511
7.12622 0.046875

4.8125 0.351871
4.82031 0.352905

6.40625 0.355706
6.41406 0.355488

5.41406 0.361535
5.42188 0.361535

6.41406 0.35549
6.42188 0.355268

6.42188 0.355267
6.42969 0.35504

5.42188 0.361532
5.42969 0.361532

4.82031 0.352908
4.82812 0.35385

5.42969 0.361534
5.4375 0.361534

6.42969 0.355041
6.4375 0.35481

5.4375 0.361531
5.44531 0.36153

5.44531 0.361533
5.45312 0.361532

6.4375 0.354809
6.44531 0.354572

6.44531 0.354573
6.45312 0.354329

4.82812 0.353848
4.83594 0.354696

6.45312 0.354328
6.46094 0.354075

6.46094 0.354077
6.46875 0.353815

4.83594 0.354695
4.84375 0.355452

4.84375 0.355443
4.85156 0.356128

5.45312 0.361529
5.46094 0.361528

4.85156 0.356128
4.85938 0.356759

4.85938 0.356757
4.86719 0.357336

5.46094 0.361531
5.46875 0.36153

6.46875 0.353814
6.47656 0.353541

5.46875 0.361527
5.47656 0.361526

5.47656 0.361528
5.48438 0.361527

4.86719 0.35734
4.875 0.357862

4.875 0.357866
4.88281 0.358316

4.88281 0.358318
4.89062 0.358682

5.48438 0.361524
5.49219 0.361522

4.89062 0.358669
4.89844 0.35897

4.89844 0.358971
4.90625 0.359234

5.49219 0.361525
5.5 0.361523

6.47656 0.353543
6.48438 0.353258

6.48438 0.353257
6.49219 0.352958

6.49219 0.352959
6.5 0.352645

4.90625 0.359231
4.91116 0.359375

5.5 0.361521
5.50781 0.361519

5.50781 0.361521
5.51562 0.361519

4.91115 0.359375
4.91406 0.35946

5.51562 0.361517
5.52344 0.361514

5.52344 0.361517
5.53125 0.361515

4.91406 0.359466
4.92188 0.359656

4.92188 0.359647
4.92969 0.359804

6.5 0.352643
6.50781 0.352312

5.53125 0.361512
5.53906 0.361509

6.50781 0.352312
6.51562 0.351967

4.92969 0.359809
4.9375 0.359944

6.51562 0.351966
6.52344 0.35161

5.53906 0.361512
5.54688 0.36151

4.9375 0.359938
4.94531 0.360056

5.54688 0.361507
5.55469 0.361504

5.55469 0.361507
5.5625 0.361504

4.94531 0.360059
4.95312 0.360166

6.53125 0.351241
6.52455 0.351562

4.95312 0.360161
4.96094 0.360258

5.5625 0.361501
5.57031 0.361498

4.96094 0.360262
4.96875 0.360351

4.96875 0.360347
4.97656 0.360429

5.57031 0.361501
5.57812 0.361498

6.52344 0.351617
6.52457 0.351562

5.57812 0.361495
5.58594 0.361491

5.58594 0.361494
5.59375 0.361491

6.53125 0.351241
6.53906 0.350833

5.59375 0.361488
5.60156 0.361484

5.60156 0.361487
5.60938 0.361483

6.53906 0.350832
6.54688 0.350395

4.97656 0.360432
4.98438 0.360509

6.54688 0.350394
6.55469 0.349931

5.60938 0.36148
5.61719 0.361476

6.55469 0.34993
6.5625 0.349445

4.98438 0.360505
4.99219 0.360577

6.5625 0.349444
6.57031 0.34894

6.57031 0.34894
6.57812 0.348418

4.99219 0.36058
5 0.360647

5.61719 0.361479
5.625 0.361475

6.57812 0.348417
6.58594 0.347876

6.58594 0.347878
6.59375 0.347316

5.625 0.361472
5.63281 0.361468

5.63281 0.361471
5.64062 0.361466

6.59375 0.347313
6.60156 0.346733

6.60156 0.346735
6.60938 0.346137

5.64062 0.361463
5.64844 0.361459

5.64844 0.361461
5.65625 0.361456

6.60938 0.346133
6.61719 0.345519

6.61719 0.345523
6.625 0.344895

5.65625 0.361454
5.66406 0.361449

5.66406 0.361451
5.67188 0.361446

6.64062 0.343602
6.63888 0.34375

6.64062 0.343596
6.64844 0.342901

5.67188 0.361443
5.67969 0.361438

5.67969 0.361441
5.6875 0.361435

6.64844 0.342903
6.65625 0.342168

6.625 0.344892
6.63281 0.344249

5.6875 0.361432
5.69531 0.361426

5.69531 0.361429
5.70312 0.361423

6.63281 0.344253
6.63875 0.34375

6.65625 0.342162
6.66406 0.341394

5.70312 0.36142
5.71094 0.361414

5.71094 0.361417
5.71875 0.36141

6.66406 0.341397
6.67188 0.340601

6.67188 0.340601
6.67969 0.339772

5.71875 0.361407
5.72656 0.361401

5.72656 0.361403
5.73438 0.361396

6.67969 0.339775
6.6875 0.338907

6.6875 0.338907
6.69531 0.337995

6.69531 0.337995
6.70312 0.337038

5.73438 0.361394
5.74219 0.361386

5.74219 0.361389
5.75 0.361382

6.70312 0.337034
6.71094 0.336042

5.75 0.361379
5.75781 0.361371

5.75781 0.361374
5.76562 0.361366

6.71875 0.335016
6.71177 0.335938

6.71094 0.336046
6.71176 0.335938

5.76562 0.361363
5.77344 0.361355

5.77344 0.361358
5.78125 0.361349

6.71875 0.335014
6.72656 0.333937

6.72656 0.333938
6.73438 0.332818

5.78125 0.361346
5.78906 0.361338

5.78906 0.36134
5.79688 0.361331

6.73438 0.332816
6.74219 0.331656

6.74219 0.331658
6.75 0.330455

5.79688 0.361328
5.80469 0.361319

5.80469 0.361322
5.8125 0.361312

5.8125 0.361309
5.82031 0.361299

5.82031 0.361302
5.82812 0.361292

6.99219 0.245738
6.98573 0.25

7 0.240366
6.99738 0.242188

5.82812 0.361289
5.83594 0.361279

5.83594 0.361281
5.84375 0.361271

6.99219 0.245661
6.99716 0.242188

6.76562 0.327984
6.76475 0.328125

6.75 0.330448
6.75781 0.329214

5.84375 0.361268
5.85156 0.361256

5.85156 0.361259
5.85938 0.361248

6.75781 0.329217
6.76456 0.328125

6.76562 0.327967
6.77344 0.326633

5.85938 0.361245
5.86719 0.361233

5.86719 0.361236
5.875 0.361223

6.77344 0.326634
6.78125 0.325206

6.78125 0.325209
6.78906 0.323679

5.875 0.36122
5.88281 0.361208

5.88281 0.361211
5.89062 0.361198

6.78906 0.323678
6.79688 0.322041

6.79688 0.322034
6.80465 0.320312

5.89062 0.361195
5.89844 0.361181

5.89844 0.361184
5.90625 0.36117

6.80469 0.320309
6.8125 0.318492

6.84375 0.310473
6.83617 0.3125

6.84375 0.310478
6.85156 0.308264

5.90625 0.361167
5.91406 0.361153

5.91406 0.361156
5.92188 0.361142

6.85156 0.308255
6.85938 0.305926

6.86719 0.303531
6.86344 0.304688

5.92188 0.361139
5.92969 0.361123

5.92969 0.361126
5.9375 0.361111

6.85938 0.305898
6.8633 0.304688

6.86719 0.303513
6.875 0.301024

5.9375 0.361108
5.94531 0.361092

5.94531 0.361095
5.95312 0.361079

6.8125 0.318488
6.82031 0.316579

6.82031 0.316577
6.82812 0.314586

5.95312 0.361075
5.96094 0.361059

5.96094 0.361062
5.96875 0.361044

6.82812 0.314566
6.83594 0.312535

6.83594 0.312562
6.83617 0.3125

6.89062 0.295846
6.8876 0.296875

6.875 0.301019
6.88281 0.298453

6.88281 0.298439
6.88742 0.296875

6.89062 0.295827
6.89844 0.293024

6.89844 0.293019
6.90625 0.290042

6.92969 0.280248
6.9274 0.28125

6.92969 0.280192
6.9375 0.276588

6.91406 0.286907
6.9087 0.289062

6.90625 0.290024
6.90864 0.289062

6.91406 0.286893
6.92188 0.283598

6.92188 0.283556
6.92713 0.28125

