5.99219 0.360096
6 0.360092

6 0.360088
6.00781 0.360084

6.00781 0.360088
6.01562 0.360084

6.01562 0.36008
6.02344 0.360076

6.02344 0.36008
6.03125 0.360077

6.03125 0.360073
6.03906 0.36007

6.03906 0.360074
6.04688 0.36007

6.04688 0.360067
6.05469 0.360063

6.05469 0.360067
6.0625 0.360064

7.10938 0.247656
7.10574 0.25

7.10938 0.247602
7.11719 0.242289

4.76644 0
4.76641 0.0078125

7.125 0.236683
7.11734 0.242188

7.11719 0.242284
7.11733 0.242188

6.0625 0.36006
6.07031 0.360056

6.07031 0.36006
6.07812 0.360055

4.98438 0.35457
4.99219 0.355063

7.24878 0
7.24868 0.0078125

4.99219 0.355063
5 0.355529

7.24868 0.0078125
7.24837 0.015625

6.07812 0.360051
6.08594 0.360045

4.76641 0.0078125
4.76633 0.015625

6.08594 0.360049
6.09375 0.360042

5 0.355526
5.00781 0.355974

5.00781 0.355976
5.01562 0.356409

5.01562 0.356407
5.02344 0.356825

5.02344 0.356828
5.03125 0.357228

5.03125 0.357227
5.03906 0.357603

5.03906 0.357608
5.04688 0.357953

7.24837 0.015625
7.24784 0.0234375

7.24785 0.0234375
7.2471 0.03125

4.76633 0.015625
4.7662 0.0234375

7.2471 0.03125
7.24613 0.0390625

7.24612 0.0390625
7.24494 0.046875

5.04688 0.357953
5.05469 0.358259

4.76621 0.0234375
4.76602 0.03125

5.05469 0.358263
5.0625 0.358522

6.09375 0.360038
6.10156 0.360028

5.0625 0.358517
5.07031 0.358732

7.24219 0.0614556
7.24197 0.0625

5.07031 0.358734
5.07812 0.358909

4.76562 0.0426812
4.76547 0.046875

6.10156 0.360032
6.10938 0.360021

7.24494 0.046875
7.24356 0.0546875

7.24219 0.0613829
7.24355 0.0546875

4.76546 0.046875
4.7651 0.0546875

7.23438 0.0903578
7.23327 0.09375

6.10938 0.360017
6.11719 0.360004

5.07812 0.358898
5.08594 0.359051

6.11719 0.360008
6.125 0.359994

5.08594 0.359057
5.09375 0.359195

4.7651 0.0546875
4.76469 0.0625

4.766 0.03125
4.76575 0.0390625

4.76562 0.0421696
4.76574 0.0390625

4.76469 0.0625
4.76423 0.0703125

4.76423 0.0703125
4.76372 0.078125

6.125 0.35999
6.13281 0.359974

6.13281 0.359978
6.14062 0.359962

7.24198 0.0625
7.24016 0.0703125

6.14062 0.359958
6.14844 0.359943

5.09375 0.359195
5.10156 0.359303

6.14844 0.359947
6.15625 0.359932

5.10156 0.359311
5.10924 0.359375

4.76371 0.078125
4.76316 0.0859375

7.24017 0.0703125
7.2381 0.078125

4.76316 0.0859375
4.76256 0.09375

7.23809 0.078125
7.23579 0.0859375

5.10938 0.35935
5.11326 0.359375

4.76256 0.09375
4.76192 0.101562

5.11214 0.359375
5.11719 0.359407

6.15625 0.359928
6.16406 0.359916

5.11719 0.359416
5.125 0.359472

6.16406 0.35992
6.17188 0.359909

5.125 0.359469
5.13281 0.359512

7.23438 0.0902907
7.23579 0.0859375

5.13281 0.359513
5.14062 0.359546

7.2333 0.09375
7.23043 0.101562

7.23039 0.101562
7.22721 0.109375

4.76192 0.101562
4.76124 0.109375

7.22656 0.110881
7.22381 0.117188

4.76124 0.109375
4.76053 0.117188

6.17188 0.359905
6.17969 0.359895

4.76053 0.117188
4.75979 0.125

6.17969 0.359899
6.1875 0.359887

4.75978 0.125
4.75902 0.132812

4.75902 0.132812
4.75824 0.140625

5.14062 0.359541
5.14844 0.359571

5.14844 0.359576
5.15625 0.359605

5.15625 0.359601
5.16406 0.35963

5.16406 0.359634
5.17188 0.359661

7.22383 0.117188
7.22015 0.125

7.22656 0.110836
7.2272 0.109375

4.75781 0.144807
4.75745 0.148438

7.17969 0.186295
7.17865 0.1875

6.1875 0.359884
6.19531 0.359868

5.17188 0.359658
5.17969 0.359684

4.75744 0.148438
4.75666 0.15625

7.1875 0.176765
7.18522 0.179688

4.75781 0.144804
4.75823 0.140625

4.75665 0.15625
4.75589 0.164062

5.17969 0.359688
5.1875 0.359714

7.17969 0.186152
7.18514 0.179688

5.1875 0.359711
5.19531 0.359736

6.19531 0.359872
6.20312 0.359849

5.19531 0.35974
5.20312 0.359764

7.14844 0.2179
7.14746 0.21875

7.15625 0.210802
7.15611 0.210938

6.20312 0.359846
6.21094 0.359811

6.21094 0.359815
6.21875 0.359768

6.21875 0.359764
6.22656 0.359705

6.22656 0.359708
6.23438 0.359639

4.75588 0.164062
4.75516 0.171875

4.75515 0.171875
4.75449 0.179688

7.14844 0.217781
7.15595 0.210938

7.13281 0.230779
7.12809 0.234375

7.14062 0.224519
7.1381 0.226562

5.20312 0.35976
5.21094 0.359784

5.21094 0.359788
5.21875 0.35981

5.21875 0.359807
5.22656 0.359828

5.22656 0.359832
5.23438 0.359853

5.23438 0.359849
5.24219 0.359869

7.13281 0.230689
7.13793 0.226562

5.24219 0.359873
5.25 0.359893

6.23438 0.359634
6.24219 0.35956

7.125 0.236607
7.12801 0.234375

4.75448 0.179688
4.75392 0.1875

7.14062 0.224389
7.14722 0.21875

7.17188 0.195111
7.17169 0.195312

5.25 0.359889
5.25781 0.359907

4.7539 0.1875
4.75346 0.195312

5.25781 0.359911
5.26562 0.359929

6.24219 0.359564
6.25 0.359488

5.26562 0.359925
5.27344 0.359941

4.75346 0.195312
4.75318 0.203125

6.26562 0.359345
6.26191 0.359375

4.75317 0.203125
4.75308 0.210938

6.25 0.35948
6.25781 0.359408

7.16406 0.20311
7.17158 0.195312

6.25781 0.359417
6.26301 0.359375

5.27344 0.359945
5.28125 0.359961

6.26562 0.359329
6.27344 0.359304

7.15625 0.210639
7.16399 0.203125

4.75308 0.210938
4.75321 0.21875

7.17188 0.194908
7.17854 0.1875

4.75319 0.21875
4.75357 0.226562

6.27344 0.359327
6.28125 0.359338

7.20312 0.155086
7.2024 0.15625

6.28125 0.359346
6.28906 0.359331

5.28125 0.359957
5.28906 0.359973

6.28906 0.359331
6.29688 0.359272

5.28906 0.359976
5.29688 0.359991

4.75355 0.226562
4.75424 0.234375

5.29688 0.359987
5.30469 0.360001

4.75422 0.234375
4.75529 0.242188

6.29688 0.359267
6.30469 0.359173

7.21875 0.127789
7.21619 0.132812

6.30469 0.359177
6.3125 0.359049

7.21617 0.132812
7.21185 0.140625

7.21094 0.142167
7.20723 0.148438

7.20312 0.154948
7.20723 0.148438

7.21094 0.142132
7.21182 0.140625

5.30469 0.360005
5.3125 0.360018

6.3125 0.359039
6.32031 0.358891

4.7553 0.242188
4.75679 0.25

6.32031 0.358896
6.32812 0.358738

7.19531 0.166386
7.19128 0.171875

5.3125 0.360014
5.32031 0.360026

7.20235 0.15625
7.19703 0.164062

5.32031 0.36003
5.32812 0.360042

7.19531 0.166369
7.19695 0.164062

5.32812 0.360038
5.33594 0.360049

4.75675 0.25
4.75781 0.254247

6.32812 0.358731
6.33594 0.358569

4.75781 0.254107
4.75874 0.257812

6.33594 0.358573
6.34375 0.358411

5.33594 0.360053
5.34375 0.360063

6.34375 0.358406
6.35156 0.358243

5.34375 0.360059
5.35156 0.360069

6.35156 0.358247
6.35938 0.358086

6.35938 0.358082
6.36719 0.357924

6.36719 0.357928
6.375 0.357775

6.375 0.357772
6.38281 0.357621

5.35156 0.360073
5.35938 0.360082

5.35938 0.360078
5.36719 0.360087

4.75869 0.257812
4.76124 0.265625

5.36719 0.360091
5.375 0.3601

7.1875 0.176649
7.19123 0.171875

6.38281 0.357624
6.39062 0.357476

4.76121 0.265625
4.76448 0.273438

4.76431 0.273438
4.76562 0.275934

7.21875 0.127711
7.22013 0.125

4.76562 0.27555
4.76863 0.28125

4.7685 0.28125
4.77344 0.288722

5.375 0.360096
5.38281 0.360104

7.00781 0.296808
7.00761 0.296875

5.38281 0.360107
5.39062 0.360115

6.39062 0.357473
6.39844 0.357327

5.39062 0.360111
5.39844 0.360118

6.39844 0.35733
6.40625 0.357187

4.77339 0.289062
4.77344 0.289133

6.40625 0.357184
6.41406 0.357041

4.77344 0.288679
4.7737 0.289062

5.39844 0.360122
5.40625 0.360128

6.41406 0.357044
6.42188 0.356901

7.00781 0.296765
7.01562 0.29404

4.77363 0.289062
4.78002 0.296875

5.40625 0.360124
5.41406 0.360131

6.42188 0.356898
6.42969 0.356754

5.41406 0.360135
5.42188 0.36014

6.42969 0.356757
6.4375 0.356612

5.42188 0.360137
5.42969 0.360142

7 0.299335
7.00737 0.296875

5.42969 0.360146
5.4375 0.360151

4.77964 0.296875
4.78125 0.298622

6.4375 0.35661
6.44531 0.356464

4.78125 0.298183
4.78794 0.304688

6.44531 0.356466
6.45312 0.356317

5.4375 0.360147
5.44531 0.360152

6.45312 0.356315
6.46094 0.356164

5.44531 0.360156
5.45312 0.36016

7.01562 0.294043
7.02344 0.291127

4.78768 0.304688
4.78906 0.30591

7.03125 0.288081
7.02876 0.289062

7.02344 0.291087
7.02857 0.289062

6.46094 0.356166
6.46875 0.356012

4.78906 0.305745
4.79688 0.311973

6.46875 0.35601
6.47656 0.355853

5.45312 0.360156
5.46094 0.360161

5.46094 0.360164
5.46875 0.360168

4.79688 0.311878
4.79782 0.3125

4.79777 0.3125
4.80469 0.317027

4.80469 0.316879
4.81084 0.320312

6.47656 0.355855
6.48438 0.355695

6.48438 0.355693
6.49219 0.355529

7.05469 0.277893
7.04729 0.28125

7.05469 0.27787
7.0625 0.274161

7.03125 0.28804
7.03906 0.284807

7.03906 0.284795
7.04688 0.281416

7.04688 0.281434
7.04728 0.28125

4.8106 0.320312
4.8125 0.32137

4.8125 0.321268
4.82031 0.325091

4.82031 0.32509
4.82754 0.328125

6.49219 0.355531
6.5 0.355362

5.46875 0.360164
5.47656 0.360168

7.07031 0.270322
7.06401 0.273438

5.47656 0.360172
5.48438 0.360175

7.0625 0.274154
7.06395 0.273438

6.5 0.35536
6.50781 0.355185

4.82742 0.328125
4.82812 0.328422

6.50781 0.355187
6.51562 0.355007

5.48438 0.360171
5.49219 0.360175

6.51562 0.355005
6.52344 0.354819

5.49219 0.360178
5.5 0.360181

7.07031 0.270318
7.07812 0.266255

5.5 0.360177
5.50781 0.36018

7.08594 0.26197
7.07931 0.265625

7.09375 0.257537
7.09327 0.257812

4.82812 0.328338
4.83594 0.331146

7.08594 0.261933
7.09301 0.257812

4.83594 0.331122
4.84375 0.33358

5.50781 0.360184
5.51562 0.360186

7.07812 0.26626
7.07928 0.265625

5.51562 0.360182
5.52344 0.360184

6.52344 0.354821
6.53125 0.354629

5.52344 0.360188
5.53125 0.36019

7.09375 0.257401
7.10156 0.252624

5.53125 0.360186
5.53906 0.360188

4.84375 0.333546
4.85156 0.335772

5.53906 0.360192
5.54688 0.360193

7.10156 0.252579
7.10556 0.25

6.53125 0.354628
6.53906 0.35443

4.85151 0.335938
4.85156 0.335953

6.53906 0.354431
6.54688 0.354225

5.54688 0.360189
5.55469 0.360191

6.54688 0.354224
6.55469 0.35401

4.85156 0.33577
4.8522 0.335938

6.55469 0.354011
6.5625 0.353788

6.5625 0.353787
6.57031 0.353554

4.85219 0.335938
4.85938 0.337833

6.57031 0.353556
6.57812 0.353312

5.55469 0.360195
5.5625 0.360196

4.85938 0.337836
4.86719 0.339729

5.5625 0.360192
5.57031 0.360193

5.57031 0.360197
5.57812 0.360197

4.86719 0.339729
4.875 0.341446

6.57812 0.353311
6.58594 0.353056

4.875 0.34145
4.88281 0.342985

4.88281 0.342974
4.88727 0.34375

6.58594 0.353058
6.59375 0.352789

6.59375 0.352788
6.60156 0.352506

6.60156 0.352506
6.60938 0.35221

6.60938 0.352208
6.61719 0.351901

6.61719 0.351903
6.625 0.351588

6.63281 0.351256
6.62572 0.351562

5.57812 0.360193
5.58594 0.360194

4.88722 0.34375
4.89062 0.344343

6.625 0.351595
6.62575 0.351562

4.89062 0.344314
4.89844 0.345559

4.89844 0.345572
4.90625 0.346723

6.63281 0.351256
6.64062 0.350886

6.64062 0.350885
6.64844 0.350487

6.64844 0.350486
6.65625 0.350066

6.65625 0.350065
6.66406 0.349627

6.66406 0.349627
6.67188 0.349175

6.67188 0.349174
6.67969 0.348709

6.67969 0.34871
6.6875 0.34823

6.6875 0.34823
6.69531 0.347734

4.90625 0.346714
4.91406 0.347761

4.91406 0.347757
4.92188 0.348728

4.92188 0.348724
4.92969 0.349633

4.92969 0.349631
4.9375 0.35049

4.9375 0.350486
4.94531 0.351306

4.94531 0.35131
4.94786 0.351562

4.94781 0.351562
4.95312 0.352089

4.95312 0.352087
4.96094 0.352801

4.96094 0.352803
4.96875 0.353455

4.96875 0.353452
4.97656 0.354042

4.97656 0.354041
4.98438 0.354576

6.69531 0.347735
6.70312 0.347221

6.70312 0.347218
6.71094 0.346689

6.71094 0.346691
6.71875 0.346147

6.71875 0.346143
6.72656 0.345586

5.58594 0.360198
5.59375 0.360198

5.59375 0.360194
5.60156 0.360195

5.60156 0.360198
5.60938 0.360199

5.60938 0.360195
5.61719 0.360195

6.72656 0.345591
6.73438 0.345019

6.73438 0.345014
6.74219 0.344425

6.74219 0.34443
6.75 0.343826

6.75781 0.343191
6.75101 0.34375

6.75781 0.343188
6.76562 0.3425

5.61719 0.360198
5.625 0.360198

5.625 0.360194
5.63281 0.360194

6.76562 0.342493
6.77344 0.341781

6.77344 0.341785
6.78125 0.341051

6.75 0.343833
6.75101 0.34375

6.78125 0.341049
6.78906 0.340287

5.63281 0.360198
5.64062 0.360197

5.64062 0.360194
5.64844 0.360193

5.64844 0.360197
5.65625 0.360196

5.65625 0.360192
5.66406 0.360192

6.78906 0.340291
6.79688 0.339498

6.79688 0.339498
6.80469 0.338665

6.80469 0.338667
6.8125 0.337792

6.8125 0.337789
6.82031 0.336873

5.66406 0.360195
5.67188 0.360195

5.67188 0.360191
5.67969 0.36019

6.82031 0.336871
6.82803 0.335938

6.82812 0.335932
6.83594 0.334948

6.83594 0.334946
6.84375 0.333913

6.84375 0.333915
6.85156 0.332835

6.85156 0.332839
6.85938 0.331698

6.85938 0.33169
6.86719 0.330499

5.67969 0.360194
5.6875 0.360193

5.6875 0.360189
5.69531 0.360188

5.69531 0.360191
5.70312 0.36019

5.70312 0.360186
5.71094 0.360185

6.86719 0.330498
6.875 0.329277

6.88281 0.328068
6.88246 0.328125

6.88281 0.328058
6.89062 0.326775

6.875 0.329268
6.88222 0.328125

6.89062 0.326778
6.89844 0.325392

5.71094 0.360189
5.71875 0.360188

5.71875 0.360184
5.72656 0.360183

6.89844 0.325393
6.90625 0.323896

6.90625 0.323893
6.91406 0.322292

6.91406 0.322283
6.92188 0.320601

6.92969 0.318849
6.92319 0.320312

6.92188 0.320603
6.92316 0.320312

6.92969 0.318846
6.9375 0.317001

5.72656 0.360186
5.73438 0.360185

5.73438 0.360181
5.74219 0.36018

5.74219 0.360184
5.75 0.360182

6.96094 0.311082
6.95549 0.3125

6.96094 0.311086
6.96875 0.308946

6.96875 0.308944
6.97656 0.306681

6.98438 0.304369
6.98332 0.304688

5.75 0.360178
5.75781 0.360177

5.75781 0.360181
5.76562 0.360179

5.76562 0.360175
5.77344 0.360173

5.77344 0.360177
5.78125 0.360176

6.97656 0.306657
6.9831 0.304688

6.98438 0.304323
6.99219 0.301888

6.99219 0.301886
7 0.29935

6.9375 0.316997
6.94531 0.315077

5.78125 0.360172
5.78906 0.36017

5.78906 0.360174
5.79688 0.360172

5.79688 0.360168
5.80469 0.360166

5.80469 0.36017
5.8125 0.360168

6.94531 0.315069
6.95312 0.313096

6.95312 0.313092
6.9554 0.3125

5.8125 0.360164
5.82031 0.360162

5.82031 0.360166
5.82812 0.360164

5.82812 0.36016
5.83594 0.360158

5.83594 0.360162
5.84375 0.360159

5.84375 0.360155
5.85156 0.360153

5.85156 0.360157
5.85938 0.360154

5.85938 0.36015
5.86719 0.360148

5.86719 0.360152
5.875 0.360149

5.875 0.360145
5.88281 0.360142

5.88281 0.360146
5.89062 0.360143

5.89062 0.360139
5.89844 0.360136

5.89844 0.36014
5.90625 0.360137

5.90625 0.360133
5.91406 0.36013

5.91406 0.360134
5.92188 0.360131

5.92188 0.360127
5.92969 0.360123

5.92969 0.360127
5.9375 0.360124

5.9375 0.36012
5.94531 0.360116

5.94531 0.36012
5.95312 0.360116

5.95312 0.360112
5.96094 0.360109

5.96094 0.360112
5.96875 0.360108

5.96875 0.360104
5.97656 0.3601

5.97656 0.360104
5.98438 0.3601

5.98438 0.360096
5.99219 0.360092

