5.77344 0.356421
5.78125 0.356344

5.78125 0.356342
5.78906 0.356262

5.78906 0.356264
5.79688 0.356181

5.79688 0.356178
5.80469 0.356092

5.80469 0.356094
5.8125 0.356005

5.8125 0.356003
5.82031 0.35591

5.82031 0.355912
5.82812 0.355816

5.82812 0.355813
5.83594 0.355713

5.83594 0.355715
5.84375 0.355612

5.84375 0.35561
5.85156 0.355503

5.85156 0.355505
5.85938 0.355394

5.85938 0.355392
5.86719 0.355277

5.86719 0.355279
5.875 0.355161

5.875 0.355159
5.88281 0.355036

5.88281 0.355038
5.89062 0.354911

5.89062 0.354909
5.89844 0.354779

5.89844 0.354781
5.90625 0.354647

5.90625 0.354645
5.91406 0.354507

5.91406 0.354508
5.92188 0.354366

5.92188 0.354364
5.92969 0.354218

5.92969 0.35422
5.9375 0.35407

5.9375 0.354069
5.94531 0.353915

5.94531 0.353917
5.95312 0.35376

5.95312 0.353758
5.96094 0.353598

5.96094 0.353599
5.96875 0.353436

5.96875 0.353434
5.97656 0.353267

5.97656 0.353269
5.98438 0.353099

5.98438 0.353097
5.99219 0.352924

5.99219 0.352925
6 0.352749

6 0.352748
6.00781 0.352568

6.00781 0.35257
6.01562 0.352387

6.01562 0.352385
6.02344 0.352199

6.02344 0.352201
6.03125 0.352011

6.03125 0.35201
6.03906 0.351815

6.03906 0.351818
6.04688 0.351615

6.05469 0.351398
6.04883 0.351562

6.04688 0.351616
6.04878 0.351562

6.05469 0.351398
6.0625 0.351158

6.0625 0.351158
6.07031 0.350898

6.07031 0.350898
6.07812 0.35062

6.07812 0.35062
6.08594 0.350325

6.08594 0.350324
6.09375 0.350013

6.09375 0.350013
6.10156 0.349687

6.5625 0.263218
6.55785 0.265625

4.75 0.358443
4.75781 0.358434

4.20346 0
4.20346 0.0078125

4.75781 0.358439
4.76562 0.358429

6.54688 0.271069
6.55469 0.267205

6.55469 0.267204
6.55774 0.265625

6.5625 0.263177
6.57031 0.258929

4.20346 0.0078125
4.20347 0.015625

4.76562 0.358424
4.77344 0.358416

4.20347 0.015625
4.20348 0.0234375

6.57812 0.2545
6.57232 0.257812

4.77344 0.35842
4.78125 0.358413

6.57031 0.258916
6.57224 0.257812

6.57812 0.254461
6.58559 0.25

4.78125 0.358408
4.78906 0.3584

4.78906 0.358404
4.79688 0.358396

4.79688 0.358391
4.80469 0.358383

4.20348 0.0234375
4.20348 0.03125

4.20347 0.03125
4.20348 0.0390625

4.80469 0.358388
4.8125 0.358381

4.8125 0.358377
4.82031 0.35837

4.82031 0.358375
4.82812 0.358367

4.20348 0.0390625
4.2035 0.046875

4.20351 0.046875
4.20354 0.0546875

4.82812 0.358363
4.83594 0.358356

4.83594 0.358361
4.84375 0.358355

4.84375 0.358351
4.85156 0.358345

4.85156 0.35835
4.85938 0.358344

4.85938 0.358339
4.86719 0.358334

4.86719 0.358339
4.875 0.358334

4.20354 0.0546875
4.20358 0.0625

4.20358 0.0625
4.20363 0.0703125

4.875 0.35833
4.88281 0.358326

4.88281 0.35833
4.89062 0.358325

4.89062 0.358321
4.89844 0.358317

4.89844 0.358321
4.90625 0.358318

4.20363 0.0703125
4.2037 0.078125

4.20369 0.078125
4.20377 0.0859375

4.90625 0.358314
4.91406 0.35831

4.91406 0.358314
4.92188 0.358311

4.92188 0.358306
4.92969 0.358303

4.92969 0.358307
4.9375 0.358305

4.20377 0.0859375
4.20388 0.09375

4.20387 0.09375
4.204 0.101562

4.9375 0.3583
4.94531 0.358298

4.94531 0.358302
4.95312 0.358299

4.95312 0.358294
4.96094 0.358291

4.96094 0.358296
4.96875 0.358294

4.20401 0.101562
4.20416 0.109375

4.20412 0.109375
4.20433 0.117188

4.96875 0.358289
4.97656 0.358287

4.97656 0.358291
4.98438 0.358288

4.98438 0.358284
4.99219 0.358281

4.99219 0.358286
5 0.358284

5 0.35828
5.00781 0.358277

6.10156 0.349687
6.10938 0.349345

6.10938 0.349345
6.11719 0.34899

6.11719 0.34899
6.125 0.348621

5.00781 0.358282
5.01562 0.358279

4.20436 0.117188
4.20463 0.125

4.20462 0.125
4.20491 0.132812

4.20491 0.132812
4.20526 0.140625

6.125 0.34862
6.13281 0.348238

5.01562 0.358274
5.02344 0.358272

6.13281 0.348239
6.14062 0.347845

4.20525 0.140625
4.20568 0.148438

6.14062 0.347844
6.14844 0.347438

6.14844 0.34744
6.15625 0.347021

4.20568 0.148438
4.20619 0.15625

6.15625 0.347019
6.16406 0.346587

6.16406 0.346591
6.17188 0.346141

4.20619 0.15625
4.20677 0.164062

6.17188 0.346146
6.17969 0.345661

6.17969 0.345654
6.1875 0.345136

4.20676 0.164062
4.20745 0.171875

4.20745 0.171875
4.20826 0.179688

5.02344 0.358276
5.03125 0.358275

5.03125 0.35827
5.03906 0.358268

4.20825 0.179688
4.20918 0.1875

4.20918 0.1875
4.21024 0.195312

4.21024 0.195312
4.21094 0.199804

4.21094 0.199808
4.21145 0.203125

5.03906 0.358272
5.04688 0.35827

4.21144 0.203125
4.21283 0.210938

6.21094 0.343638
6.20928 0.34375

5.04688 0.358265
5.05469 0.358263

6.21094 0.343635
6.21875 0.343039

6.1875 0.345117
6.19531 0.344617

5.05469 0.358267
5.0625 0.358265

6.19531 0.344639
6.20312 0.344152

6.20312 0.344154
6.2091 0.34375

5.0625 0.358261
5.07031 0.358259

6.21875 0.343029
6.22656 0.34237

4.21282 0.210938
4.21443 0.21875

6.22656 0.342371
6.23438 0.341667

6.23438 0.341666
6.24219 0.340919

4.21443 0.21875
4.21629 0.226562

6.24219 0.340908
6.25 0.340143

6.25 0.340154
6.25781 0.33937

6.25781 0.339365
6.26562 0.33855

5.07031 0.358263
5.07812 0.35826

6.26562 0.338548
6.27344 0.337715

6.27344 0.337715
6.28125 0.336872

5.07812 0.358255
5.08594 0.358253

6.28125 0.336876
6.28906 0.336015

4.21628 0.226562
4.21842 0.234375

6.29688 0.335123
6.2898 0.335938

6.28906 0.336022
6.28979 0.335938

6.29688 0.335127
6.30469 0.334164

6.30469 0.334162
6.3125 0.333134

5.08594 0.358257
5.09375 0.358255

6.3125 0.333115
6.32031 0.332065

6.32031 0.332076
6.32812 0.331021

5.09375 0.358251
5.10156 0.358248

6.32812 0.331027
6.33594 0.329932

4.21836 0.234375
4.21875 0.235593

6.33594 0.329935
6.34375 0.328782

6.35156 0.327591
6.34807 0.328125

5.10156 0.358253
5.10938 0.358249

6.35156 0.327598
6.35938 0.326341

4.21875 0.235462
4.22088 0.242188

6.34375 0.328758
6.34789 0.328125

6.35938 0.326337
6.36719 0.324984

6.36719 0.32497
6.375 0.323559

6.42969 0.312064
6.42784 0.3125

6.42969 0.312044
6.4375 0.310092

6.375 0.323565
6.38281 0.322114

6.38281 0.322111
6.39062 0.32061

5.10938 0.358245
5.11719 0.358242

6.39844 0.319054
6.39219 0.320312

4.22088 0.242188
4.22371 0.25

6.39062 0.320615
6.39213 0.320312

4.22368 0.25
4.22656 0.256998

6.39844 0.319054
6.40625 0.317376

6.40625 0.317349
6.41406 0.315617

4.22656 0.257012
4.22689 0.257812

4.22686 0.257812
4.23058 0.265625

5.11719 0.358246
5.125 0.358244

6.41406 0.315635
6.42188 0.313867

4.23058 0.265625
4.23438 0.272519

6.42188 0.313855
6.42762 0.3125

6.4375 0.310079
6.44531 0.308009

4.23438 0.272528
4.23488 0.273438

6.44531 0.308003
6.45312 0.305853

6.46094 0.303649
6.45732 0.304688

4.23486 0.273438
4.23977 0.28125

6.45312 0.30584
6.45714 0.304688

6.46094 0.303633
6.46875 0.301255

4.23972 0.28125
4.24219 0.284734

6.48438 0.296389
6.48285 0.296875

6.46875 0.301204
6.47656 0.298772

6.47656 0.298812
6.48263 0.296875

6.48438 0.296338
6.49219 0.293671

5.125 0.35824
5.13281 0.358237

6.49219 0.293658
6.5 0.290835

4.24219 0.284638
4.24542 0.289062

4.24539 0.289062
4.25 0.294519

5.13281 0.358241
5.14062 0.358237

5.14062 0.358233
5.14844 0.358229

5.14844 0.358234
5.15625 0.358231

5.15625 0.358227
5.16406 0.358224

5.16406 0.358228
5.17188 0.358224

5.17188 0.358219
5.17969 0.358215

5.17969 0.35822
5.1875 0.358217

5.1875 0.358212
5.19531 0.358209

4.25 0.294402
4.25223 0.296875

4.25215 0.296875
4.25781 0.30256

4.25781 0.30246
4.26026 0.304688

4.26015 0.304688
4.26562 0.309378

5.19531 0.358213
5.20312 0.358208

4.26562 0.30929
4.26988 0.3125

6.58594 0.249984
6.58591 0.25

4.26958 0.3125
4.27344 0.315323

4.27344 0.315213
4.28125 0.32031

6.58594 0.249833
6.59375 0.244923

5.20312 0.358203
5.21094 0.358199

6.60156 0.239766
6.59793 0.242188

6.59375 0.244858
6.59776 0.242188

5.21094 0.358204
5.21875 0.3582

6.60156 0.239694
6.60916 0.234375

4.2811 0.320312
4.28125 0.320406

6.60938 0.234256
6.61719 0.228472

6.625 0.222333
6.61964 0.226562

4.28125 0.320295
4.28128 0.320312

6.61719 0.228397
6.61958 0.226562

6.73658 0
6.73648 0.0078125

6.73648 0.0078125
6.73617 0.015625

6.73617 0.015625
6.73563 0.0234375

4.28129 0.320312
4.28906 0.324746

4.28906 0.324739
4.29594 0.328125

5.21875 0.358196
5.22656 0.358191

6.73564 0.0234375
6.73488 0.03125

4.29573 0.328125
4.29688 0.32869

6.73438 0.0352516
6.73388 0.0390625

6.73388 0.0390625
6.73262 0.046875

6.73262 0.046875
6.73112 0.0546875

6.73113 0.0546875
6.72938 0.0625

6.73438 0.0352261
6.73489 0.03125

6.71875 0.0968645
6.71692 0.101562

6.7169 0.101562
6.71356 0.109375

4.29688 0.328533
4.30469 0.331878

6.71094 0.115098
6.70997 0.117188

5.22656 0.358195
5.23438 0.35819

5.23438 0.358185
5.24219 0.35818

6.70994 0.117188
6.70601 0.125

6.71094 0.11499
6.71355 0.109375

5.24219 0.358185
5.25 0.35818

5.25 0.358176
5.25781 0.358171

5.25781 0.358175
5.26562 0.358169

6.72656 0.0732859
6.72519 0.078125

6.72934 0.0625
6.72736 0.0703125

6.72656 0.0732438
6.72739 0.0703125

6.72516 0.078125
6.72267 0.0859375

5.26562 0.358164
5.27344 0.358158

5.27344 0.358163
5.28125 0.358157

6.72268 0.0859375
6.71993 0.09375

6.71875 0.0967895
6.71993 0.09375

5.28125 0.358153
5.28906 0.358147

5.28906 0.358151
5.29688 0.358144

6.6875 0.155869
6.68724 0.15625

6.66406 0.185377
6.66215 0.1875

6.67188 0.176299
6.66908 0.179688

6.66406 0.185302
6.66898 0.179688

6.67969 0.16644
6.67549 0.171875

6.68712 0.15625
6.6815 0.164062

6.67969 0.166414
6.68144 0.164062

6.67188 0.176236
6.67541 0.171875

5.29688 0.35814
5.30469 0.358133

5.30469 0.358137
5.3125 0.358131

6.63281 0.215845
6.62931 0.21875

6.64062 0.209013
6.63847 0.210938

4.30469 0.33187
4.3125 0.334861

5.3125 0.358127
5.32031 0.358119

5.32031 0.358123
5.32812 0.358115

5.32812 0.358111
5.33594 0.358103

4.3125 0.334846
4.31573 0.335938

6.63281 0.215747
6.63832 0.210938

5.33594 0.358107
5.34375 0.3581

6.64844 0.2017
6.64695 0.203125

6.65625 0.193855
6.65484 0.195312

5.34375 0.358096
5.35156 0.358087

4.31562 0.335938
4.32031 0.337524

5.35156 0.358091
5.35938 0.358082

6.64844 0.201583
6.65473 0.195312

5.35938 0.358077
5.36719 0.358068

5.36719 0.358072
5.375 0.358063

6.64062 0.208881
6.64681 0.203125

6.625 0.222211
6.62924 0.21875

4.32031 0.33747
4.32812 0.339817

6.65625 0.19372
6.66207 0.1875

5.375 0.358059
5.38281 0.358049

6.70312 0.130394
6.70181 0.132812

6.70177 0.132812
6.69722 0.140625

5.38281 0.358053
5.39062 0.358042

6.69531 0.14372
6.69237 0.148438

6.6875 0.155662
6.69235 0.148438

5.39062 0.358038
5.39844 0.358027

6.69531 0.143654
6.6972 0.140625

6.70312 0.130265
6.70598 0.125

5.39844 0.358031
5.40625 0.358021

4.32812 0.339826
4.33594 0.341938

6.53125 0.278333
6.52445 0.28125

4.33594 0.341948
4.3436 0.34375

4.34364 0.34375
4.34375 0.343777

6.50781 0.287936
6.50481 0.289062

5.40625 0.358017
5.41406 0.358005

4.34382 0.34375
4.35156 0.345381

5.41406 0.358009
5.42188 0.357996

5.42188 0.357992
5.42969 0.357979

4.35156 0.345421
4.35938 0.346892

6.5 0.290796
6.50463 0.289062

4.35938 0.346867
4.36719 0.348135

4.36719 0.348144
4.375 0.349242

6.50781 0.287918
6.51562 0.284867

5.42969 0.357984
5.4375 0.357971

6.51562 0.284852
6.52344 0.28166

6.52344 0.28167
6.52442 0.28125

5.4375 0.357967
5.44531 0.357953

4.375 0.349208
4.38281 0.350184

5.44531 0.357957
5.45312 0.357943

5.45312 0.357938
5.46094 0.357923

4.38281 0.350196
4.39062 0.351092

6.53125 0.278317
6.53906 0.274786

4.39062 0.351092
4.39529 0.351562

4.3952 0.351562
4.39844 0.351889

6.54688 0.271109
6.54197 0.273438

5.46094 0.357927
5.46875 0.357912

4.39844 0.351881
4.40625 0.352561

5.46875 0.357909
5.47656 0.357893

5.47656 0.357896
5.48438 0.357879

4.40625 0.352552
4.41406 0.353152

6.53906 0.274767
6.54186 0.273438

4.41406 0.353151
4.42188 0.35369

4.42188 0.353686
4.42969 0.354174

4.42969 0.354175
4.4375 0.35462

4.4375 0.354617
4.44531 0.355023

4.44531 0.355025
4.45312 0.355396

4.45312 0.355393
4.46094 0.355732

4.46094 0.355734
4.46875 0.356045

4.46875 0.356042
4.47656 0.356326

4.47656 0.356328
4.48438 0.356586

4.48438 0.356583
4.49219 0.356818

4.49219 0.356821
4.5 0.357034

4.5 0.357031
4.50781 0.357224

4.50781 0.357227
4.51562 0.3574

4.51562 0.357396
4.52344 0.357552

4.52344 0.357555
4.53125 0.357695

4.53125 0.357691
4.53906 0.357816

4.53906 0.357819
4.54688 0.357929

4.54688 0.357924
4.55469 0.358021

4.55469 0.358025
4.5625 0.358111

4.5625 0.358106
4.57031 0.35818

4.57031 0.358184
4.57812 0.358248

4.57812 0.358243
4.58594 0.358298

4.58594 0.358303
4.59375 0.35835

4.59375 0.358345
4.60156 0.358384

4.60156 0.358389
4.60938 0.358421

4.60938 0.358415
4.61719 0.358442

4.61719 0.358447
4.625 0.358468

4.625 0.358464
4.63281 0.35848

4.63281 0.358485
4.64062 0.358496

4.64062 0.358491
4.64844 0.358499

4.64844 0.358504
4.65625 0.35851

4.65625 0.358506
4.66406 0.358508

4.66406 0.358513
4.67188 0.358512

4.67188 0.358507
4.67969 0.358505

4.67969 0.35851
4.6875 0.358507

4.6875 0.358503
4.69531 0.358498

4.69531 0.358502
4.70312 0.358496

4.70312 0.358491
4.71094 0.358484

4.71094 0.358489
4.71875 0.358482

4.71875 0.358477
4.72656 0.358469

4.72656 0.358474
4.73438 0.358465

4.73438 0.358459
4.74219 0.358451

4.74219 0.358456
4.75 0.358447

5.48438 0.357875
5.49219 0.357858

5.49219 0.357862
5.5 0.357844

5.5 0.35784
5.50781 0.357822

5.50781 0.357825
5.51562 0.357805

5.51562 0.357801
5.52344 0.357781

5.52344 0.357784
5.53125 0.357764

5.53125 0.35776
5.53906 0.357738

5.53906 0.357741
5.54688 0.357718

5.54688 0.357714
5.55469 0.35769

5.55469 0.357694
5.5625 0.357669

5.5625 0.357666
5.57031 0.35764

5.57031 0.357643
5.57812 0.357616

5.57812 0.357612
5.58594 0.357584

5.58594 0.357587
5.59375 0.357558

5.59375 0.357555
5.60156 0.357525

5.60156 0.357528
5.60938 0.357496

5.60938 0.357492
5.61719 0.357459

5.61719 0.357462
5.625 0.357428

5.625 0.357425
5.63281 0.357389

5.63281 0.357392
5.64062 0.357354

5.64062 0.357351
5.64844 0.357312

5.64844 0.357315
5.65625 0.357275

5.65625 0.357272
5.66406 0.35723

5.66406 0.357233
5.67188 0.357188

5.67188 0.357185
5.67969 0.357139

5.67969 0.357142
5.6875 0.357095

5.6875 0.357092
5.69531 0.357043

5.69531 0.357045
5.70312 0.356993

5.70312 0.35699
5.71094 0.356936

5.71094 0.356939
5.71875 0.356883

5.71875 0.356881
5.72656 0.356823

5.72656 0.356825
5.73438 0.356764

5.73438 0.356761
5.74219 0.356698

5.74219 0.356701
5.75 0.356635

5.75 0.356633
5.75781 0.356564

5.75781 0.356567
5.76562 0.356495

5.76562 0.356493
5.77344 0.356418

