6.98438 0.145148
6.9824 0.148438

6.9824 0.148438
6.97736 0.15625

6.99219 0.13144
6.99148 0.132812

6.99144 0.132812
6.98708 0.140625

6.99219 0.131301
6.99544 0.125

6.98438 0.145064
6.98704 0.140625

4.89062 0.362067
4.89844 0.362126

4.89844 0.362128
4.90625 0.362181

4.55085 0
4.55085 0.0078125

4.55085 0.0078125
4.55086 0.015625

4.55086 0.015625
4.55087 0.0234375

6.97656 0.157384
6.97193 0.164062

4.55087 0.0234375
4.55088 0.03125

4.90625 0.362179
4.91406 0.362228

4.55088 0.03125
4.5509 0.0390625

4.91406 0.36223
4.92188 0.362276

4.5509 0.0390625
4.55093 0.046875

4.55093 0.046875
4.55097 0.0546875

5.875 0.362065
5.88281 0.36204

4.92188 0.362273
4.92969 0.362315

5.88281 0.362042
5.89062 0.362017

6.96875 0.168307
6.97189 0.164062

4.55097 0.0546875
4.55101 0.0625

5.89062 0.362014
5.89844 0.361988

4.55101 0.0625
4.55107 0.0703125

6.97656 0.157381
6.97732 0.15625

4.55107 0.0703125
4.55114 0.078125

5.89844 0.36199
5.90625 0.361963

4.55114 0.078125
4.55124 0.0859375

4.92969 0.362317
4.9375 0.362355

4.55124 0.0859375
4.55135 0.09375

5.90625 0.361961
5.91406 0.361933

6.94531 0.196272
6.93865 0.203125

5.91406 0.361935
5.92188 0.361906

5.92188 0.361904
5.92969 0.361874

4.55135 0.09375
4.55149 0.101562

4.9375 0.362353
4.94531 0.362388

4.55149 0.101562
4.55166 0.109375

4.94531 0.36239
4.95312 0.362422

5.92969 0.361876
5.9375 0.361846

6.95312 0.187739
6.94625 0.195312

5.9375 0.361843
5.94531 0.361812

4.55166 0.109375
4.55186 0.117188

4.95312 0.36242
4.96094 0.362449

6.94531 0.196256
6.9462 0.195312

4.96094 0.362451
4.96875 0.362478

5.94531 0.361814
5.95312 0.361782

4.96875 0.362476
4.97656 0.3625

6.9375 0.204234
6.93862 0.203125

4.97656 0.362502
4.98438 0.362524

6.95312 0.187718
6.95332 0.1875

4.55186 0.117188
4.5521 0.125

5.95312 0.361779
5.96094 0.361746

4.5521 0.125
4.55238 0.132812

6.75 0.307392
6.75781 0.305013

4.55238 0.132812
4.55271 0.140625

5.96094 0.361749
5.96875 0.361715

4.98438 0.362523
4.99219 0.362543

6.76562 0.302555
6.75886 0.304688

4.99219 0.362545
5 0.362564

5.96875 0.361712
5.97656 0.361677

4.55271 0.140625
4.5531 0.148438

5 0.362562
5.00781 0.362579

4.55309 0.148438
4.55356 0.15625

5.00781 0.362581
5.01562 0.362596

4.55355 0.15625
4.55411 0.164062

5.01562 0.362595
5.02344 0.362609

4.55411 0.164062
4.55469 0.170964

5.02344 0.362611
5.03125 0.362624

4.55469 0.170934
4.55477 0.171875

5.97656 0.36168
5.98438 0.361644

6.75781 0.305007
6.75883 0.304688

5.98438 0.361641
5.99219 0.361605

5.99219 0.361607
6 0.361569

4.55476 0.171875
4.55551 0.179688

6.76562 0.302561
6.77344 0.299992

4.55551 0.179688
4.55636 0.1875

5.03125 0.362622
5.03906 0.362634

4.55636 0.1875
4.55733 0.195312

6.77344 0.299985
6.78125 0.297311

6 0.361567
6.00781 0.361528

4.55733 0.195312
4.55844 0.203125

5.03906 0.362635
5.04688 0.362646

5.04688 0.362644
5.05469 0.362654

6.00781 0.36153
6.01562 0.36149

5.05469 0.362656
5.0625 0.362665

6.78906 0.294537
6.78252 0.296875

4.55843 0.203125
4.5597 0.210938

6.01562 0.361488
6.02344 0.361446

4.5597 0.210938
4.56115 0.21875

6.78906 0.29454
6.79688 0.291594

4.56114 0.21875
4.5625 0.225177

5.0625 0.362663
5.07031 0.362671

4.5625 0.225145
4.5628 0.226562

5.07031 0.362673
5.07812 0.36268

4.56278 0.226562
4.56469 0.234375

6.78125 0.297313
6.78248 0.296875

4.56468 0.234375
4.56687 0.242188

6.02344 0.361448
6.03125 0.361405

4.56687 0.242188
4.56936 0.25

6.80469 0.288549
6.80339 0.289062

5.07812 0.362678
5.08594 0.362685

6.03125 0.361403
6.03906 0.361358

5.08594 0.362687
5.09375 0.362693

6.03906 0.36136
6.04688 0.361314

5.09375 0.362691
5.10156 0.362696

6.04688 0.361311
6.05469 0.361262

5.10156 0.362698
5.10938 0.362703

4.56931 0.25
4.57031 0.252757

5.10938 0.362701
5.11719 0.362705

4.57031 0.252656
4.57218 0.257812

5.11719 0.362707
5.125 0.362711

5.125 0.362709
5.13281 0.362713

5.13281 0.362714
5.14062 0.362717

5.14062 0.362716
5.14844 0.362718

5.14844 0.36272
5.15625 0.362722

6.05469 0.361265
6.0625 0.361213

5.15625 0.362721
5.16406 0.362723

4.57214 0.257812
4.57541 0.265625

6.0625 0.361211
6.07031 0.361157

6.07031 0.36116
6.07812 0.361103

6.07812 0.361101
6.08594 0.361042

5.16406 0.362724
5.17188 0.362726

4.57539 0.265625
4.57812 0.271296

6.79688 0.291575
6.8032 0.289062

6.08594 0.361044
6.09375 0.360982

6.80469 0.288491
6.8125 0.285237

5.17188 0.362724
5.17969 0.362726

6.82812 0.278329
6.82166 0.28125

5.17969 0.362727
5.1875 0.362729

6.82812 0.278327
6.83594 0.274604

5.1875 0.362727
5.19531 0.362728

6.84375 0.270711
6.83829 0.273438

4.57812 0.271205
4.5792 0.273438

6.09375 0.36098
6.10156 0.360915

4.57918 0.273438
4.58346 0.28125

6.83594 0.274562
6.83819 0.273438

5.19531 0.36273
5.20312 0.36273

6.10156 0.360917
6.10938 0.360849

5.20312 0.362729
5.21094 0.362729

6.8125 0.285222
6.82031 0.281836

5.21094 0.362731
5.21875 0.362731

6.82031 0.28184
6.82162 0.28125

4.58338 0.28125
4.58594 0.28536

6.85938 0.262429
6.8535 0.265625

6.10938 0.360846
6.11719 0.360774

5.21875 0.362729
5.22656 0.36273

6.84375 0.270694
6.85156 0.266642

5.22656 0.362731
5.23438 0.362731

4.58594 0.28525
4.58831 0.289062

5.23438 0.362729
5.24219 0.362729

6.85156 0.266631
6.85341 0.265625

6.11719 0.360777
6.125 0.360702

6.85938 0.262427
6.86719 0.257922

6.875 0.253147
6.86736 0.257812

6.125 0.360699
6.13281 0.360621

6.86719 0.257911
6.86735 0.257812

4.58817 0.289062
4.59375 0.296664

6.875 0.253092
6.87982 0.25

5.24219 0.362731
5.25 0.362731

6.13281 0.360623
6.14062 0.360541

6.14062 0.360538
6.14844 0.360453

5.25 0.362729
5.25781 0.362728

6.14844 0.360456
6.15625 0.360367

6.15625 0.360364
6.16406 0.360271

5.25781 0.36273
5.26562 0.362729

6.16406 0.360274
6.17188 0.360176

4.59353 0.296875
4.59375 0.29715

7.0249 0
7.02479 0.0078125

4.59375 0.296549
4.594 0.296875

5.26562 0.362728
5.27344 0.362727

4.59396 0.296875
4.60067 0.304688

7.02478 0.0078125
7.02445 0.015625

6.17188 0.360173
6.17969 0.36007

4.60038 0.304688
4.60156 0.305968

6.17969 0.360073
6.1875 0.359963

7.02344 0.0281872
7.02314 0.03125

4.60156 0.305651
4.60838 0.3125

7.02444 0.015625
7.02389 0.0234375

6.1875 0.359961
6.19531 0.359844

5.27344 0.362729
5.28125 0.362728

6.19531 0.359849
6.20312 0.359718

6.20312 0.359717
6.21094 0.359564

5.28125 0.362726
5.28906 0.362725

4.60799 0.3125
4.60938 0.31378

5.28906 0.362727
5.29688 0.362726

4.60938 0.313497
4.61719 0.320061

5.29688 0.362724
5.30469 0.362722

5.30469 0.362724
5.3125 0.362723

6.21094 0.359567
6.21875 0.359389

6.22656 0.359188
6.21898 0.359375

6.22656 0.35919
6.23438 0.358995

4.61717 0.320312
4.61719 0.320329

7.02344 0.0281519
7.02389 0.0234375

4.61719 0.319998
4.61762 0.320312

7.02314 0.03125
7.02217 0.0390625

6.21875 0.359381
6.21899 0.359375

7.02217 0.0390625
7.02097 0.046875

7.02097 0.046875
7.01954 0.0546875

5.3125 0.362721
5.32031 0.362719

6.23438 0.358989
6.24219 0.358799

5.32031 0.362721
5.32812 0.36272

4.61762 0.320312
4.625 0.325494

5.32812 0.362718
5.33594 0.362716

4.625 0.325358
4.62967 0.328125

5.33594 0.362718
5.34375 0.362716

4.62937 0.328125
4.63281 0.330164

5.34375 0.362714
5.35156 0.362712

4.63281 0.330019
4.64062 0.333995

4.64062 0.333921
4.64515 0.335938

6.24219 0.358805
6.25 0.358622

4.64497 0.335938
4.64844 0.337484

5.35156 0.362714
5.35938 0.362712

5.35938 0.36271
5.36719 0.362708

5.36719 0.36271
5.375 0.362707

5.375 0.362705
5.38281 0.362703

5.38281 0.362705
5.39062 0.362702

7.01954 0.0546875
7.01787 0.0625

5.39062 0.3627
5.39844 0.362698

6.25 0.358625
6.25781 0.35843

5.39844 0.362699
5.40625 0.362697

6.25781 0.358433
6.26562 0.358214

4.64844 0.337422
4.65625 0.340529

7.01562 0.071695
7.01389 0.078125

4.65625 0.340538
4.66406 0.343284

6.26562 0.358211
6.27344 0.357969

5.40625 0.362695
5.41406 0.362692

7.01391 0.078125
7.0115 0.0859375

5.41406 0.362694
5.42188 0.362691

7.01148 0.0859375
7.00876 0.09375

4.66406 0.343258
4.66567 0.34375

5.42188 0.362689
5.42969 0.362686

4.66561 0.34375
4.67188 0.345667

5.42969 0.362687
5.4375 0.362684

5.4375 0.362682
5.44531 0.362679

7.01786 0.0625
7.01598 0.0703125

5.44531 0.36268
5.45312 0.362677

4.67188 0.345653
4.67969 0.347738

5.45312 0.362675
5.46094 0.362671

7.01562 0.0716688
7.01599 0.0703125

7.00781 0.096255
7.00581 0.101562

7.00581 0.101562
7.00261 0.109375

7.00781 0.0962113
7.00874 0.09375

7 0.115208
7.00257 0.109375

5.46094 0.362673
5.46875 0.362669

5.46875 0.362667
5.47656 0.362663

6.27344 0.357971
6.28125 0.35771

5.47656 0.362665
5.48438 0.362661

4.67969 0.347724
4.6875 0.34955

5.48438 0.362659
5.49219 0.362655

5.49219 0.362656
5.5 0.362652

4.6875 0.349521
4.69531 0.351173

4.69531 0.351177
4.69729 0.351562

4.69727 0.351562
4.70312 0.352701

6.28125 0.357704
6.28906 0.357429

4.70312 0.352703
4.71094 0.354066

5.5 0.36265
5.50781 0.362645

4.71094 0.35407
4.71875 0.355265

6.28906 0.357431
6.29688 0.357151

6.29688 0.357148
6.30469 0.356866

5.50781 0.362647
5.51562 0.362642

6.30469 0.356868
6.3125 0.356587

4.71875 0.355264
4.72656 0.356285

6.3125 0.356585
6.32031 0.356305

5.51562 0.36264
5.52344 0.362635

5.52344 0.362637
5.53125 0.362632

5.53125 0.36263
5.53906 0.362625

5.53906 0.362626
5.54688 0.362621

6.32031 0.356306
6.32812 0.356026

5.54688 0.362619
5.55469 0.362613

4.72656 0.356282
4.73438 0.357139

5.55469 0.362615
5.5625 0.362609

6.32812 0.356024
6.33594 0.355744

6.33594 0.355746
6.34375 0.355464

4.73438 0.357123
4.74219 0.357851

6.34375 0.355463
6.35156 0.355178

4.74219 0.357851
4.75 0.358482

4.75 0.35848
4.75781 0.359018

4.75781 0.359014
4.76398 0.359375

6.35156 0.355179
6.35938 0.35489

6.35938 0.354889
6.36719 0.354594

5.5625 0.362607
5.57031 0.362601

4.76402 0.359375
4.76562 0.359469

5.57031 0.362602
5.57812 0.362596

5.57812 0.362594
5.58594 0.362587

4.76562 0.359469
4.77344 0.35986

5.58594 0.362589
5.59375 0.362582

5.59375 0.36258
5.60156 0.362573

4.77344 0.359861
4.78125 0.360189

5.60156 0.362575
5.60938 0.362567

5.60938 0.362565
5.61719 0.362557

5.61719 0.362559
5.625 0.362551

5.625 0.362549
5.63281 0.362541

5.63281 0.362543
5.64062 0.362534

5.64062 0.362532
5.64844 0.362523

5.64844 0.362525
5.65625 0.362516

6.36719 0.354595
6.375 0.354294

5.65625 0.362514
5.66406 0.362504

4.78125 0.360182
4.78906 0.360459

5.66406 0.362506
5.67188 0.362496

5.67188 0.362494
5.67969 0.362483

4.78906 0.360461
4.79688 0.360696

5.67969 0.362485
5.6875 0.362475

5.6875 0.362473
5.69531 0.362461

5.69531 0.362463
5.70312 0.362452

5.70312 0.36245
5.71094 0.362438

6.375 0.354294
6.38281 0.353984

6.38281 0.353986
6.39062 0.353666

4.79688 0.36069
4.80469 0.360891

5.71094 0.36244
5.71875 0.362427

4.80469 0.360893
4.8125 0.361068

4.8125 0.361063
4.82031 0.361217

5.71875 0.362425
5.72656 0.362413

4.82031 0.361219
4.82812 0.361356

4.82812 0.361352
4.83594 0.361474

4.83594 0.361476
4.84375 0.361587

4.84375 0.361584
4.85156 0.361684

6.39062 0.353666
6.39844 0.353335

6.39844 0.353336
6.40625 0.352992

5.72656 0.362414
5.73438 0.362401

4.85156 0.361686
4.85938 0.361777

6.40625 0.352992
6.41406 0.352632

6.41406 0.352632
6.42188 0.352256

5.73438 0.362399
5.74219 0.362385

6.42188 0.352253
6.42969 0.351863

5.74219 0.362387
5.75 0.362373

5.75 0.362371
5.75781 0.362356

5.75781 0.362358
5.76562 0.362343

5.76562 0.362341
5.77344 0.362325

5.77344 0.362327
5.78125 0.362311

6.4375 0.351466
6.43564 0.351562

6.42969 0.351862
6.43549 0.351562

6.4375 0.351464
6.44531 0.351035

4.85938 0.361775
4.86719 0.361858

5.78125 0.362309
5.78906 0.362292

6.44531 0.351034
6.45312 0.350574

5.78906 0.362294
5.79688 0.362276

5.79688 0.362274
5.80469 0.362256

6.45312 0.350573
6.46094 0.350084

6.46094 0.350083
6.46875 0.349567

6.46875 0.349566
6.47656 0.349027

4.86719 0.36186
4.875 0.361936

5.80469 0.362258
5.8125 0.36224

4.875 0.361934
4.88281 0.362003

4.88281 0.362005
4.89062 0.362069

5.8125 0.362238
5.82031 0.362218

5.82031 0.362221
5.82812 0.362201

6.47656 0.349028
6.48438 0.348467

6.48438 0.348466
6.49219 0.347884

6.49219 0.347885
6.5 0.347278

5.82812 0.362199
5.83594 0.362178

5.83594 0.36218
5.84375 0.362159

5.84375 0.362157
5.85156 0.362135

5.85156 0.362137
5.85938 0.362114

6.5 0.347276
6.50781 0.346646

6.50781 0.346648
6.51562 0.345993

6.51562 0.345989
6.52344 0.345316

5.85938 0.362112
5.86719 0.362089

5.86719 0.362091
5.875 0.362067

6.52344 0.345318
6.53125 0.344629

6.54688 0.343215
6.54106 0.34375

6.54688 0.343215
6.55469 0.34246

6.55469 0.342461
6.5625 0.341666

6.53125 0.344624
6.53906 0.343924

6.53906 0.34393
6.54102 0.34375

6.5625 0.341662
6.57031 0.340831

6.57031 0.340834
6.57812 0.339972

6.57812 0.339972
6.58594 0.339073

6.58594 0.339075
6.59375 0.338134

6.59375 0.338133
6.60156 0.337148

6.60156 0.337146
6.60938 0.336122

6.61719 0.335063
6.61077 0.335938

6.60938 0.336123
6.61074 0.335938

6.61719 0.335061
6.625 0.333951

6.625 0.333952
6.63281 0.332794

6.63281 0.332799
6.64062 0.331582

6.64062 0.331577
6.64844 0.330303

6.64844 0.330298
6.65625 0.328989

6.66406 0.327673
6.66142 0.328125

6.66406 0.327667
6.67188 0.326276

6.65625 0.32898
6.66125 0.328125

6.67188 0.32628
6.67969 0.324799

6.67969 0.3248
6.6875 0.323216

6.73438 0.311885
6.73207 0.3125

6.73438 0.311856
6.74219 0.309684

6.74219 0.309686
6.75 0.307403

6.6875 0.323213
6.69531 0.321531

6.70312 0.31978
6.70077 0.320312

6.69531 0.321521
6.70065 0.320312

6.70312 0.319763
6.71094 0.317907

6.71094 0.317908
6.71875 0.315959

6.71875 0.315948
6.72656 0.313926

6.72656 0.313913
6.73186 0.3125

7 0.115369
6.9992 0.117188

6.99918 0.117188
6.99546 0.125

6.88281 0.248211
6.88002 0.25

6.88281 0.248142
6.89062 0.242875

6.90625 0.231525
6.90244 0.234375

6.89844 0.237326
6.8916 0.242188

6.89062 0.242849
6.89158 0.242188

6.89844 0.237254
6.90231 0.234375

6.92188 0.218717
6.92969 0.211722

6.9375 0.204266
6.93052 0.210938

6.92969 0.211692
6.9305 0.210938

6.91406 0.225397
6.91261 0.226562

6.90625 0.231432
6.91238 0.226562

6.91406 0.225272
6.92181 0.21875

6.96875 0.168393
6.96618 0.171875

6.96094 0.17856
6.96003 0.179688

6.95995 0.179688
6.95333 0.1875

6.96094 0.178394
6.96611 0.171875

