6.64062 0.341569
6.64844 0.340529

6.64844 0.340532
6.65625 0.339482

6.65625 0.339481
6.66406 0.338418

6.66406 0.338419
6.67188 0.337343

6.67188 0.337345
6.67969 0.33625

6.6875 0.33513
6.68185 0.335938

4.63934 0
4.63934 0.0078125

4.63934 0.0078125
4.63933 0.015625

4.63933 0.015625
4.63931 0.0234375

4.63931 0.0234375
4.63929 0.03125

4.63929 0.03125
4.63928 0.0390625

4.63928 0.0390625
4.63926 0.046875

4.63925 0.046875
4.63924 0.0546875

4.63924 0.0546875
4.63922 0.0625

4.63922 0.0625
4.63922 0.0703125

4.63922 0.0703125
4.63922 0.078125

4.63921 0.078125
4.63923 0.0859375

4.63923 0.0859375
4.63925 0.09375

4.63925 0.09375
4.6393 0.101562

4.6393 0.101562
4.63937 0.109375

4.63937 0.109375
4.63947 0.117188

4.63947 0.117188
4.63962 0.125

4.63962 0.125
4.63982 0.132812

4.63983 0.132812
4.64009 0.140625

4.64009 0.140625
4.64041 0.148438

4.64041 0.148438
4.64062 0.152631

4.64062 0.152655
4.64081 0.15625

4.64081 0.15625
4.64132 0.164062

4.64133 0.164062
4.64192 0.171875

4.64192 0.171875
4.6426 0.179688

4.6426 0.179688
4.64335 0.1875

4.64334 0.1875
4.64421 0.195312

4.6442 0.195312
4.64526 0.203125

4.64526 0.203125
4.64653 0.210938

4.64654 0.210938
4.64798 0.21875

4.64797 0.21875
4.64844 0.221064

4.64844 0.220907
4.64958 0.226562

4.64952 0.226562
4.65133 0.234375

4.65132 0.234375
4.65345 0.242188

4.65346 0.242188
4.65589 0.25

4.65582 0.25
4.65625 0.251264

4.65625 0.250987
4.65857 0.257812

4.65851 0.257812
4.66147 0.265625

4.66147 0.265625
4.66406 0.271742

4.66406 0.271522
4.66488 0.273438

4.66477 0.273438
4.66848 0.28125

4.66839 0.28125
4.67188 0.287689

4.67185 0.289062
4.67188 0.28911

4.67188 0.28707
4.67295 0.289062

4.67271 0.289062
4.67747 0.296875

4.67708 0.296875
4.67969 0.300749

4.67969 0.299751
4.68306 0.304688

4.68264 0.304688
4.6875 0.310808

4.6875 0.31077
4.68891 0.3125

4.6889 0.3125
4.69531 0.319334

4.69531 0.319423
4.69623 0.320312

4.69619 0.320312
4.70312 0.326429

4.70312 0.326198
4.70577 0.328125

4.70565 0.328125
4.71094 0.331941

4.71094 0.331941
4.71752 0.335938

4.71753 0.335938
4.71875 0.336651

4.71875 0.336623
4.72656 0.340534

4.72656 0.340456
4.73425 0.34375

4.73419 0.34375
4.73438 0.343829

4.73438 0.343855
4.74219 0.346702

4.74219 0.346711
4.75 0.348941

4.75 0.34881
4.75781 0.350668

4.75781 0.350665
4.76181 0.351562

4.7618 0.351562
4.76562 0.352421

4.76562 0.352514
4.77344 0.353977

4.77344 0.353932
4.78125 0.355006

4.78125 0.354984
4.78906 0.355803

4.78906 0.35578
4.79688 0.356433

4.79688 0.356472
4.80469 0.356927

4.80469 0.356845
4.8125 0.357186

4.8125 0.357181
4.82031 0.357579

4.82031 0.357568
4.82812 0.358054

4.82812 0.358089
4.83594 0.358613

4.83594 0.358563
4.84375 0.359155

4.84375 0.35916
4.84602 0.359375

4.84594 0.359375
4.85156 0.359908

4.85156 0.360025
4.85938 0.360653

4.85938 0.360617
4.86719 0.360966

4.86719 0.360916
4.875 0.36116

4.875 0.361132
4.88281 0.361426

4.88281 0.361458
4.89062 0.361795

4.89062 0.361797
4.89844 0.36211

4.89844 0.362112
4.90625 0.362393

4.90625 0.362392
4.91406 0.36264

4.91406 0.362641
4.92188 0.362858

4.92188 0.362859
4.92969 0.363041

4.92969 0.363041
4.9375 0.363185

4.9375 0.363181
4.94531 0.363295

4.94531 0.36329
4.95312 0.363392

4.95312 0.36339
4.96094 0.363494

4.96094 0.363494
4.96875 0.363606

4.96875 0.363606
4.97656 0.36373

4.97656 0.363729
4.98438 0.363866

4.98438 0.363864
4.99219 0.364018

4.99219 0.364014
5 0.364198

5 0.36419
5.00781 0.364426

5.00781 0.364407
5.01562 0.364749

6.67969 0.336257
6.68192 0.335938

5.01562 0.364712
5.02344 0.365272

5.75 0.36528
5.75781 0.365422

5.75781 0.365428
5.76562 0.365483

6.6875 0.335139
6.69531 0.333992

6.69531 0.333979
6.70312 0.332813

5.76562 0.365483
5.77344 0.365439

5.02344 0.365266
5.03125 0.366129

5.03125 0.366247
5.03904 0.367188

5.0389 0.367188
5.03906 0.367207

5.03906 0.367199
5.04688 0.367966

5.04688 0.367975
5.05469 0.36853

5.05469 0.368463
5.0625 0.368921

5.0625 0.368948
5.07031 0.369389

5.07031 0.369408
5.07812 0.369743

5.07812 0.369778
5.08594 0.369898

5.08594 0.369819
5.09375 0.369812

5.09375 0.36982
5.10156 0.369831

5.10156 0.369831
5.10938 0.369844

5.10938 0.369901
5.11719 0.3698

5.11719 0.369775
5.125 0.369493

5.125 0.369456
5.13281 0.369116

5.13281 0.369092
5.14062 0.368816

5.14062 0.368829
5.14844 0.368637

5.14844 0.36865
5.15625 0.368489

5.15625 0.368508
5.16406 0.368316

5.16406 0.3683
5.17188 0.368074

5.17188 0.368077
5.17969 0.367843

5.17969 0.367835
5.1875 0.367602

5.1875 0.367691
5.19531 0.367296

5.20312 0.366538
5.19632 0.367188

5.19531 0.367381
5.19734 0.367188

5.20312 0.366518
5.21094 0.365486

5.21094 0.365341
5.21875 0.364391

5.21875 0.364406
5.22656 0.3638

5.22656 0.36383
5.23438 0.36348

5.23438 0.363505
5.24219 0.363301

5.24219 0.363304
5.25 0.363193

5.25 0.363187
5.25781 0.363173

5.25781 0.363174
5.26562 0.363266

5.26562 0.363274
5.27344 0.363453

5.27344 0.363467
5.28125 0.363689

5.28125 0.363701
5.28906 0.363917

5.28906 0.363927
5.29688 0.364091

5.29688 0.364097
5.30469 0.364178

5.30469 0.364178
5.3125 0.364164

5.3125 0.364158
5.32031 0.364061

5.32031 0.364051
5.32812 0.363902

5.32812 0.363891
5.33594 0.363734

5.33594 0.363725
5.34375 0.363597

5.34375 0.363593
5.35156 0.36352

5.35156 0.363519
5.35938 0.36351

5.35938 0.363511
5.36719 0.363563

5.36719 0.363565
5.375 0.363669

5.375 0.363671
5.38281 0.363817

5.38281 0.363819
5.39062 0.363998

5.39062 0.363999
5.39844 0.364208

5.39844 0.364208
5.40625 0.364446

5.40625 0.364445
5.41406 0.364712

5.41406 0.364715
5.42188 0.365006

5.42188 0.365014
5.42969 0.365308

5.42969 0.365323
5.4375 0.365577

5.4375 0.365592
5.44531 0.365745

5.44531 0.365753
5.45312 0.36576

5.45312 0.365755
5.46094 0.365613

5.46094 0.365598
5.46875 0.365349

5.46875 0.365335
5.47656 0.365037

5.47656 0.365024
5.48438 0.364733

5.48438 0.364726
5.49219 0.36448

5.49219 0.364477
5.5 0.364296

5.5 0.364296
5.50781 0.364184

5.50781 0.364186
5.51562 0.364141

5.51562 0.364144
5.52344 0.364154

5.52344 0.364157
5.53125 0.36421

5.53125 0.364211
5.53906 0.364296

5.53906 0.364297
5.54688 0.364411

5.54688 0.364411
5.55469 0.364556

5.55469 0.364555
5.5625 0.364732

5.5625 0.364731
5.57031 0.364946

5.57031 0.364945
5.57812 0.365203

5.57812 0.365207
5.58594 0.3655

5.58594 0.365513
5.59375 0.365804

5.59375 0.365823
5.60156 0.366049

5.60156 0.366066
5.60938 0.366156

5.60938 0.366158
5.61719 0.366074

5.61719 0.36606
5.625 0.365827

5.625 0.365809
5.63281 0.365488

5.63281 0.365474
5.64062 0.365131

5.64062 0.365123
5.64844 0.364803

5.64844 0.364798
5.65625 0.364528

5.65625 0.364526
5.66406 0.36432

5.66406 0.364321
5.67188 0.36418

5.67188 0.364182
5.67969 0.364102

5.67969 0.364103
5.6875 0.364077

5.6875 0.364078
5.69531 0.3641

5.69531 0.3641
5.70312 0.364168

5.70312 0.364169
5.71094 0.36428

5.71094 0.364281
5.71875 0.364434

5.71875 0.364436
5.72656 0.364623

5.72656 0.364627
5.73438 0.364839

5.73438 0.364845
5.74219 0.365064

5.74219 0.365073
5.75 0.365271

6.70312 0.332818
6.71094 0.331651

6.71094 0.331658
6.71875 0.330469

5.77344 0.365433
5.78125 0.365301

5.78125 0.365292
5.78906 0.365102

5.78906 0.365093
5.79688 0.364877

6.73438 0.327874
6.7329 0.328125

6.71875 0.330478
6.72656 0.329234

5.79688 0.364873
5.80469 0.364657

5.80469 0.364653
5.8125 0.364456

6.72656 0.329248
6.73316 0.328125

6.73438 0.3279
6.74219 0.326491

5.8125 0.364453
5.82031 0.364291

5.82031 0.364288
5.82812 0.36417

6.74219 0.326496
6.75 0.325018

5.82812 0.364168
5.83594 0.364105

5.83594 0.364105
5.84375 0.364099

5.84375 0.364102
5.85156 0.364149

5.85156 0.364153
5.85938 0.364243

6.94531 0.247165
6.9411 0.25

6.95312 0.241671
6.95241 0.242188

5.85938 0.364247
5.86719 0.364363

5.86719 0.364367
5.875 0.364493

6.94531 0.247164
6.95228 0.242188

5.875 0.364496
5.88281 0.364619

5.88281 0.364624
5.89062 0.364725

6.96875 0.229482
6.96263 0.234375

6.95312 0.241566
6.96094 0.235671

5.89062 0.364731
5.89844 0.364786

5.89844 0.364786
5.90625 0.364785

6.96094 0.235644
6.96257 0.234375

6.98438 0.215647
6.98102 0.21875

5.90625 0.364789
5.91406 0.364721

5.91406 0.364715
5.92188 0.364586

5.92188 0.364576
5.92969 0.364418

7 0.199582
6.99672 0.203125

6.99219 0.207844
6.98915 0.210938

6.98438 0.215548
6.98912 0.210938

5.92969 0.364413
5.9375 0.364258

5.9375 0.364264
5.94531 0.364108

5.94531 0.36411
5.95312 0.363935

6.99219 0.207728
6.99658 0.203125

6.97656 0.222788
6.97216 0.226562

6.96875 0.229418
6.97215 0.226562

6.97656 0.222589
6.98084 0.21875

6.80469 0.311692
6.80186 0.3125

6.80469 0.311693
6.8125 0.309349

5.95312 0.363926
5.96094 0.363745

5.96094 0.363739
5.96875 0.363583

6.75 0.325019
6.75781 0.323459

6.75781 0.323466
6.76562 0.321808

5.96875 0.363581
5.97656 0.363469

5.97656 0.36347
5.98438 0.363403

6.77344 0.320016
6.77214 0.320312

6.76562 0.321817
6.77221 0.320312

5.98438 0.363406
5.99219 0.363375

5.99219 0.363379
6 0.363368

6.77344 0.320034
6.78125 0.318106

6 0.363368
6.00781 0.363369

6.00781 0.363374
6.01562 0.363377

6.78125 0.318087
6.78906 0.316045

6.78906 0.31605
6.79688 0.313919

6.01562 0.363379
6.02344 0.36337

6.02344 0.363367
6.03125 0.36335

6.79688 0.313919
6.80184 0.3125

6.8125 0.309361
6.82031 0.306875

6.03125 0.363351
6.03906 0.363328

6.03906 0.363326
6.04688 0.363297

6.82812 0.304236
6.82679 0.304688

6.82031 0.306869
6.82677 0.304688

6.04688 0.363309
6.05469 0.363253

6.05469 0.363247
6.0625 0.363153

6.82812 0.304214
6.83594 0.301464

6.83594 0.301461
6.84375 0.298639

6.0625 0.363148
6.07031 0.363036

6.07031 0.363035
6.07812 0.362917

6.85156 0.295784
6.84862 0.296875

6.85156 0.295765
6.85938 0.292752

6.84375 0.29862
6.84846 0.296875

6.85938 0.292753
6.86719 0.289586

6.07812 0.362914
6.08594 0.362798

6.08594 0.362796
6.09375 0.362691

6.875 0.286263
6.86841 0.289062

6.86719 0.289599
6.86845 0.289062

6.09375 0.36269
6.10156 0.362599

6.10156 0.362599
6.10938 0.362523

6.89062 0.279229
6.88625 0.28125

6.89062 0.279229
6.89844 0.275394

6.10938 0.362524
6.11719 0.362462

6.11719 0.362463
6.125 0.362411

6.90625 0.271335
6.90225 0.273438

6.125 0.362411
6.13281 0.362367

6.13281 0.36237
6.14062 0.362326

6.89844 0.275373
6.90212 0.273438

6.875 0.286259
6.88281 0.282809

6.88281 0.282819
6.88621 0.28125

6.92188 0.26229
6.91623 0.265625

6.14062 0.362324
6.14844 0.362277

6.14844 0.362279
6.15625 0.362226

6.90625 0.271295
6.91406 0.266913

6.91406 0.266878
6.91619 0.265625

6.15625 0.362225
6.16406 0.362164

6.16406 0.362165
6.17188 0.362094

6.92969 0.257448
6.92909 0.257812

6.92188 0.26229
6.9291 0.257812

6.92969 0.257434
6.9375 0.252386

6.9375 0.252372
6.94103 0.25

6.17188 0.362093
6.17969 0.362013

7.0625 0.0925155
7.06211 0.09375

7.06204 0.09375
7.05935 0.101562

6.17969 0.362014
6.1875 0.361925

6.1875 0.361923
6.19531 0.361829

7.05936 0.101562
7.05644 0.109375

7.05469 0.113756
7.0533 0.117188

7.05329 0.117188
7.04989 0.125

7.05469 0.113665
7.05642 0.109375

6.19531 0.361829
6.20312 0.361733

6.20312 0.361733
6.21094 0.361634

7.07722 0
7.0771 0.0078125

7.0771 0.0078125
7.07675 0.015625

6.21094 0.361634
6.21875 0.361533

6.21875 0.361533
6.22656 0.361429

7.07675 0.015625
7.07619 0.0234375

7.0762 0.0234375
7.07543 0.03125

7.07543 0.03125
7.07446 0.0390625

7.07447 0.0390625
7.07327 0.046875

6.22656 0.361429
6.23438 0.361323

6.23438 0.361323
6.24219 0.361214

7.07326 0.046875
7.07186 0.0546875

7.07031 0.0623896
7.07185 0.0546875

6.24219 0.361214
6.25 0.361101

7.0703 0.0625
7.06859 0.0703125

7.06862 0.0703125
7.06671 0.078125

6.25 0.3611
6.25781 0.360985

6.25781 0.360985
6.26562 0.360867

7.06672 0.078125
7.06454 0.0859375

7.0625 0.0923123
7.06451 0.0859375

6.26562 0.360867
6.27344 0.360746

6.27344 0.360747
6.28125 0.36062

6.28125 0.36062
6.28906 0.360484

6.28906 0.360483
6.29688 0.360339

7.01562 0.181036
7.01046 0.1875

7.02344 0.170946
7.02279 0.171875

6.29688 0.360337
6.30469 0.360192

6.30469 0.360191
6.3125 0.360051

7.03125 0.159174
7.02806 0.164062

7.02344 0.170599
7.028 0.164062

6.3125 0.360052
6.32031 0.359916

6.32031 0.359918
6.32812 0.359781

7.0226 0.171875
7.01674 0.179688

7.01562 0.181025
7.01667 0.179688

6.32812 0.359778
6.33594 0.359643

6.33594 0.359648
6.34375 0.359511

7.04688 0.131626
7.04631 0.132812

7.04621 0.132812
7.04218 0.140625

6.35156 0.359327
6.34983 0.359375

6.35156 0.359348
6.35938 0.358935

7.03906 0.146167
7.0378 0.148438

7.03785 0.148438
7.03314 0.15625

6.34375 0.359546
6.34987 0.359375

6.35938 0.358847
6.36719 0.358377

7.03906 0.146233
7.04219 0.140625

7.04688 0.131336
7.04987 0.125

6.36719 0.358348
6.375 0.358058

6.375 0.358128
6.38281 0.357937

6.38281 0.35793
6.39062 0.357714

7.03125 0.159078
7.03309 0.15625

7.00781 0.190709
7.00392 0.195312

6.39062 0.35774
6.39844 0.357461

6.39844 0.357395
6.40625 0.357134

7 0.199555
7.0038 0.195312

7.00781 0.190644
7.01041 0.1875

6.40625 0.357174
6.41406 0.356984

6.41406 0.356986
6.42188 0.356783

6.42188 0.356808
6.42969 0.356535

6.42969 0.35648
6.4375 0.356197

6.4375 0.356227
6.44531 0.355981

6.44531 0.355981
6.45312 0.355712

6.45312 0.355738
6.46094 0.355394

6.46094 0.35535
6.46875 0.354966

6.46875 0.354982
6.47656 0.354612

6.47656 0.354612
6.48438 0.354224

6.48438 0.354244
6.49219 0.353801

6.49219 0.353776
6.5 0.353287

6.5 0.353297
6.50781 0.352795

6.50781 0.352789
6.51562 0.352264

6.51562 0.352264
6.52344 0.351729

6.53125 0.351167
6.52585 0.351562

6.52344 0.351751
6.52601 0.351562

6.53125 0.351178
6.53906 0.350522

6.53906 0.350485
6.54688 0.349805

6.54688 0.349801
6.55469 0.349177

6.55469 0.349185
6.5625 0.348609

6.5625 0.348616
6.57031 0.348056

6.57031 0.34806
6.57812 0.347497

6.57812 0.347498
6.58594 0.34692

6.58594 0.346923
6.59375 0.346322

6.625 0.343475
6.62237 0.34375

6.59375 0.346322
6.60156 0.345691

6.60156 0.345695
6.60938 0.345027

6.60938 0.345035
6.61719 0.344308

6.61719 0.344326
6.62269 0.34375

6.625 0.343492
6.63281 0.342581

6.63281 0.342583
6.64062 0.341589

