6.75781 0.32494
6.76562 0.323387

6.76562 0.323388
6.77344 0.321735

4.875 0.36159
4.88281 0.361668

4.88281 0.361676
4.89062 0.361803

5.875 0.363349
5.88281 0.363314

5.88281 0.363316
5.89062 0.363282

5.89062 0.36328
5.89844 0.363246

5.89844 0.363247
5.90625 0.363215

5.90625 0.363214
5.91406 0.363186

5.91406 0.363187
5.92188 0.363161

5.92188 0.36316
5.92969 0.363134

5.92969 0.363136
5.9375 0.363112

4.64609 0
4.64609 0.0078125

4.64609 0.0078125
4.64608 0.015625

4.64608 0.015625
4.64606 0.0234375

4.64606 0.0234375
4.64603 0.03125

4.64603 0.03125
4.64601 0.0390625

4.64601 0.0390625
4.64598 0.046875

4.64598 0.046875
4.64596 0.0546875

4.64596 0.0546875
4.64594 0.0625

4.64594 0.0625
4.64593 0.0703125

4.64593 0.0703125
4.64592 0.078125

4.64592 0.078125
4.64593 0.0859375

4.64593 0.0859375
4.64595 0.09375

6.78125 0.319975
6.77975 0.320312

6.77344 0.321742
6.77977 0.320312

4.89062 0.361811
4.89844 0.361955

4.89844 0.361956
4.90625 0.362097

5.9375 0.363111
5.94531 0.363087

5.94531 0.363088
5.95312 0.363065

5.95312 0.363064
5.96094 0.36304

4.64595 0.09375
4.646 0.101562

6.78125 0.319982
6.78906 0.318089

4.90625 0.362096
4.91406 0.362235

5.96094 0.363041
5.96875 0.363017

4.91406 0.362236
4.92188 0.362372

5.96875 0.363016
5.97656 0.362991

6.78906 0.318075
6.79688 0.316071

4.64599 0.101562
4.64606 0.109375

6.79688 0.316073
6.80469 0.313985

4.64606 0.109375
4.64616 0.117188

4.92188 0.362371
4.92969 0.362502

5.97656 0.362992
5.98438 0.362967

4.92969 0.362504
4.9375 0.362632

4.64615 0.117188
4.64628 0.125

4.9375 0.362631
4.94531 0.362754

4.64628 0.125
4.64644 0.132812

5.98438 0.362965
5.99219 0.362938

4.64644 0.132812
4.64665 0.140625

6.80469 0.313977
6.80999 0.3125

4.64665 0.140625
4.64691 0.148438

6.8125 0.311807
6.82031 0.309539

4.64691 0.148438
4.64722 0.15625

6.82031 0.309545
6.82812 0.307181

4.64721 0.15625
4.64761 0.164062

4.64759 0.164062
4.64811 0.171875

4.64811 0.171875
4.64844 0.175704

4.64844 0.175717
4.64878 0.179688

6.82812 0.307173
6.83594 0.304717

6.84375 0.302181
6.83604 0.304688

5.99219 0.36294
6 0.362911

6.83594 0.304718
6.83603 0.304688

4.94531 0.362756
4.95312 0.362875

4.95312 0.362874
4.96094 0.362988

6.84375 0.302182
6.85156 0.299554

6.85156 0.299557
6.85924 0.296875

6 0.36291
6.00781 0.36288

6.85938 0.296834
6.86719 0.293993

4.64879 0.179688
4.6496 0.1875

6.00781 0.362882
6.01562 0.362851

4.6496 0.1875
4.6505 0.195312

4.96094 0.362989
4.96875 0.363098

4.96875 0.363097
4.97656 0.363199

6.01562 0.362849
6.02344 0.362817

4.97656 0.363201
4.98438 0.363294

4.65049 0.195312
4.65151 0.203125

4.98438 0.363292
4.99219 0.363379

6.02344 0.362818
6.03125 0.362784

6.86719 0.293998
6.875 0.291023

4.6515 0.203125
4.65267 0.210938

6.89844 0.281147
6.89821 0.28125

4.65267 0.210938
4.65399 0.21875

6.89844 0.281065
6.90625 0.2774

6.03125 0.362782
6.03906 0.362746

6.88281 0.287892
6.8799 0.289062

6.03906 0.362748
6.04688 0.36271

4.99219 0.36338
5 0.363461

6.04688 0.362709
6.05469 0.362669

4.65399 0.21875
4.65546 0.226562

6.875 0.291034
6.87991 0.289062

4.65545 0.226562
4.65625 0.230462

6.05469 0.362671
6.0625 0.362629

5 0.36346
5.00781 0.363534

6.88281 0.2879
6.89062 0.284569

5.00781 0.363535
5.01562 0.363603

4.65625 0.230421
4.65707 0.234375

6.0625 0.362628
6.07031 0.362584

4.65702 0.234375
4.65887 0.242188

5.01562 0.363602
5.02344 0.363664

6.07031 0.362586
6.07812 0.362541

5.02344 0.363665
5.03125 0.363721

6.07812 0.362539
6.08594 0.362493

4.65886 0.242188
4.66105 0.25

5.03125 0.36372
5.03906 0.36377

6.08594 0.362494
6.09375 0.362446

6.89062 0.284548
6.89798 0.28125

4.66107 0.25
4.66358 0.257812

5.03906 0.363771
5.04688 0.363817

6.09375 0.362445
6.10156 0.362396

5.04688 0.363816
5.05469 0.363858

6.90625 0.277406
6.91406 0.273538

5.05469 0.363859
5.0625 0.363897

6.92188 0.269461
6.91424 0.273438

5.0625 0.363896
5.07031 0.363931

6.91406 0.273527
6.91423 0.273438

4.66355 0.257812
4.66406 0.259243

6.10156 0.362397
6.10938 0.362348

6.92969 0.26536
6.9292 0.265625

6.10938 0.362346
6.11719 0.362295

4.66406 0.259143
4.66638 0.265625

4.66632 0.265625
4.6695 0.273438

4.66947 0.273438
4.67188 0.278515

6.92969 0.265248
6.9375 0.260818

6.92188 0.269436
6.92891 0.265625

6.94531 0.256144
6.94254 0.257812

6.9375 0.26081
6.94248 0.257812

6.11719 0.362297
6.125 0.362246

6.125 0.362245
6.13281 0.362194

6.13281 0.362196
6.14062 0.362146

6.14062 0.362144
6.14844 0.362095

6.14844 0.362097
6.15625 0.362049

5.07031 0.363932
5.07812 0.363965

5.07812 0.363964
5.08594 0.363994

6.94531 0.256109
6.95312 0.251139

5.08594 0.363995
5.09375 0.364025

4.67188 0.278372
4.67324 0.28125

6.15625 0.362047
6.16406 0.362

4.67316 0.28125
4.67745 0.289062

6.95312 0.251095
6.95481 0.25

6.16406 0.362002
6.17188 0.361955

7.09375 0.027719
7.09344 0.03125

4.67739 0.289062
4.67969 0.292768

7.09344 0.03125
7.09256 0.0390625

4.67969 0.292469
4.68243 0.296875

7.09256 0.0390625
7.09145 0.046875

4.68216 0.296875
4.6875 0.304179

5.09375 0.364024
5.10156 0.364052

4.68731 0.304688
4.6875 0.30492

7.09146 0.046875
7.09013 0.0546875

4.6875 0.303808
4.68817 0.304688

6.17188 0.361953
6.17969 0.361906

4.68802 0.304688
4.69468 0.3125

5.10156 0.364053
5.10938 0.364081

5.10938 0.36408
5.11719 0.364108

6.17969 0.361908
6.1875 0.361859

5.11719 0.364109
5.125 0.364137

6.1875 0.361857
6.19531 0.361808

7.09012 0.0546875
7.08855 0.0625

5.125 0.364136
5.13281 0.364165

7.09501 0
7.09491 0.0078125

5.13281 0.364166
5.14062 0.364194

7.09491 0.0078125
7.09462 0.015625

5.14062 0.364193
5.14844 0.364222

7.09462 0.015625
7.09413 0.0234375

5.14844 0.364223
5.15625 0.364252

7.09375 0.0276995
7.09413 0.0234375

6.19531 0.36181
6.20312 0.361758

4.69414 0.3125
4.69531 0.313782

6.20312 0.361756
6.21094 0.361702

5.15625 0.364252
5.16406 0.364281

7.08594 0.0735366
7.08478 0.078125

5.16406 0.364281
5.17188 0.36431

7.08855 0.0625
7.08676 0.0703125

4.69531 0.313276
4.7023 0.320312

6.21094 0.361705
6.21875 0.361649

4.70208 0.320312
4.70312 0.321274

5.17188 0.364309
5.17969 0.364338

4.70312 0.321164
4.71094 0.327632

5.17969 0.364339
5.1875 0.364366

5.1875 0.364365
5.19531 0.364392

6.21875 0.361647
6.22656 0.36159

5.19531 0.364393
5.20312 0.364418

7.08594 0.0734758
7.08674 0.0703125

6.22656 0.361592
6.23438 0.361537

7.0848 0.078125
7.0826 0.0859375

6.23438 0.361534
6.24219 0.361479

5.20312 0.364417
5.21094 0.364441

4.71094 0.327452
4.7119 0.328125

5.21094 0.364441
5.21875 0.364463

4.71186 0.328125
4.71875 0.332854

6.24219 0.361482
6.25 0.361426

5.21875 0.364463
5.22656 0.364483

6.25 0.361426
6.25781 0.361365

5.22656 0.364483
5.23438 0.364501

6.25781 0.361368
6.26562 0.361298

4.71875 0.33283
4.72408 0.335938

7.0826 0.0859375
7.0801 0.09375

4.724 0.335938
4.72656 0.337424

7.07812 0.0994009
7.07736 0.101562

4.72656 0.337373
4.73438 0.341196

4.73438 0.341133
4.74064 0.34375

5.23438 0.364501
5.24219 0.364516

4.74062 0.34375
4.74219 0.344406

5.24219 0.364517
5.25 0.36453

4.74219 0.344398
4.75 0.347234

7.07733 0.101562
7.07432 0.109375

4.75 0.347233
4.75781 0.349645

4.75781 0.349603
4.76519 0.351562

6.26562 0.361295
6.27344 0.361214

4.76521 0.351562
4.76562 0.351673

5.25 0.36453
5.25781 0.364541

4.76562 0.351672
4.77344 0.353502

5.25781 0.364541
5.26562 0.36455

7.07031 0.118591
7.06733 0.125

5.26562 0.364549
5.27344 0.364556

7.07434 0.109375
7.071 0.117188

4.77344 0.353549
4.78125 0.355053

7.07031 0.118576
7.07096 0.117188

4.78125 0.355022
4.78906 0.356169

7.07812 0.0992498
7.08007 0.09375

6.27344 0.361217
6.28125 0.361126

7.03125 0.181887
7.02663 0.1875

4.78906 0.356131
4.79688 0.357061

7.0625 0.134646
7.05926 0.140625

4.79688 0.357061
4.80469 0.35785

5.27344 0.364556
5.28125 0.36456

6.28125 0.361125
6.28906 0.361017

5.28125 0.36456
5.28906 0.364562

7.05463 0.148438
7.04971 0.15625

5.28906 0.364562
5.29688 0.364562

7.05469 0.148374
7.05925 0.140625

5.29688 0.364561
5.30469 0.364559

7.04688 0.160583
7.04456 0.164062

5.30469 0.364559
5.3125 0.364555

7.03906 0.171787
7.04454 0.164062

4.80469 0.35786
4.8125 0.358487

6.28906 0.361017
6.29688 0.360892

4.8125 0.358469
4.82031 0.358953

7.03901 0.171875
7.03304 0.179688

4.82031 0.35888
4.82768 0.359375

4.82765 0.359375
4.82812 0.359407

4.82812 0.359401
4.83594 0.36012

4.83594 0.360213
4.84375 0.360949

7.03125 0.181845
7.03297 0.179688

7.04688 0.16046
7.04968 0.15625

5.3125 0.364554
5.32031 0.364548

5.32031 0.364549
5.32812 0.364541

6.29688 0.360893
6.30469 0.360746

6.30469 0.36075
6.3125 0.360571

4.84375 0.360994
4.85156 0.361469

4.85156 0.361442
4.85938 0.361619

7.01562 0.199746
7.01237 0.203125

7.00781 0.207665
7.00443 0.210938

7 0.215013
7.00438 0.210938

7.00781 0.207564
7.01225 0.203125

6.3125 0.360566
6.32031 0.360357

6.32031 0.36036
6.32812 0.360126

6.32812 0.360134
6.33594 0.359854

4.85938 0.361572
4.86719 0.361598

5.32812 0.36454
5.33594 0.364532

7.02344 0.191159
7.01978 0.195312

6.33594 0.359865
6.34375 0.359504

7.01562 0.199684
7.01968 0.195312

4.86719 0.361572
4.875 0.361594

5.33594 0.364532
5.34375 0.364523

7.02344 0.191101
7.02653 0.1875

6.35156 0.359057
6.34569 0.359375

7.06735 0.125
7.06346 0.132812

5.34375 0.364522
5.35156 0.364512

7.0625 0.13456
7.06345 0.132812

6.35156 0.359024
6.35938 0.35865

6.34375 0.359495
6.34597 0.359375

6.35938 0.358666
6.36719 0.358384

6.36719 0.358397
6.375 0.35815

5.35156 0.364513
5.35938 0.364503

5.35938 0.364502
5.36719 0.364492

6.375 0.358151
6.38281 0.357909

6.38281 0.35791
6.39062 0.357668

6.39062 0.357664
6.39844 0.357428

5.36719 0.364493
5.375 0.364484

5.375 0.364483
5.38281 0.364475

5.38281 0.364476
5.39062 0.364469

6.39844 0.35743
6.40625 0.357202

6.40625 0.357202
6.41406 0.356977

6.41406 0.35698
6.42188 0.356752

5.39062 0.364469
5.39844 0.364464

5.39844 0.364464
5.40625 0.364461

6.42188 0.356753
6.42969 0.356516

6.42969 0.356518
6.4375 0.356268

6.4375 0.356267
6.44531 0.356003

6.44531 0.356004
6.45312 0.355728

6.45312 0.355728
6.46094 0.355435

5.40625 0.36446
5.41406 0.364458

5.41406 0.364459
5.42188 0.364459

6.46094 0.355437
6.46875 0.355123

6.46875 0.355121
6.47656 0.354785

6.47656 0.354786
6.48438 0.354429

6.48438 0.354429
6.49219 0.354051

6.49219 0.354052
6.5 0.35365

5.42188 0.364458
5.42969 0.364459

6.5 0.35365
6.50781 0.353222

5.42969 0.36446
5.4375 0.364462

5.4375 0.364461
5.44531 0.364463

6.50781 0.353222
6.51562 0.352764

6.51562 0.352765
6.52344 0.352275

6.52344 0.352279
6.53125 0.351745

5.44531 0.364464
5.45312 0.364467

5.45312 0.364466
5.46094 0.364468

6.53906 0.351159
6.53369 0.351562

6.53125 0.351749
6.53373 0.351562

6.53906 0.35115
6.54688 0.350528

5.46094 0.364469
5.46875 0.364471

5.46875 0.36447
5.47656 0.36447

6.54688 0.350527
6.55469 0.349895

6.55469 0.349897
6.5625 0.349253

6.5625 0.349253
6.57031 0.348595

6.57031 0.348597
6.57812 0.34792

6.57812 0.34792
6.58594 0.347221

5.47656 0.364471
5.48438 0.364469

5.48438 0.364469
5.49219 0.364466

6.58594 0.347221
6.59375 0.3465

6.625 0.343348
6.62121 0.34375

6.59375 0.346499
6.60156 0.345758

6.60156 0.345765
6.60938 0.344992

6.60938 0.344987
6.61719 0.344179

6.61719 0.344175
6.6212 0.34375

6.625 0.343352
6.63281 0.342505

5.49219 0.364466
5.5 0.364461

6.63281 0.342507
6.64062 0.341631

6.64062 0.341622
6.64844 0.340731

6.64844 0.340733
6.65625 0.33984

5.5 0.36446
5.50781 0.364453

5.50781 0.364453
5.51562 0.364443

6.65625 0.339843
6.66406 0.338937

6.66406 0.338939
6.67188 0.338011

6.67188 0.338013
6.67969 0.337058

5.51562 0.364443
5.52344 0.364431

5.52344 0.364431
5.53125 0.364417

6.67969 0.337064
6.6875 0.336066

6.69531 0.335007
6.68849 0.335938

5.53125 0.364417
5.53906 0.3644

5.53906 0.364401
5.54688 0.364383

6.6875 0.336073
6.6885 0.335938

6.69531 0.334991
6.70312 0.333877

6.70312 0.333876
6.71094 0.33275

5.54688 0.364382
5.55469 0.364362

5.55469 0.364363
5.5625 0.364342

6.71094 0.332759
6.71875 0.331603

6.71875 0.331605
6.72656 0.330399

6.72656 0.330403
6.73438 0.329134

5.5625 0.364341
5.57031 0.364318

5.57031 0.364319
5.57812 0.364296

6.74219 0.327804
6.74031 0.328125

6.74219 0.327794
6.75 0.326396

6.73438 0.32913
6.74025 0.328125

5.57812 0.364295
5.58594 0.364271

6.96094 0.245932
6.95485 0.25

6.96875 0.240521
6.96637 0.242188

6.96094 0.24591
6.9662 0.242188

5.58594 0.364271
5.59375 0.364247

5.59375 0.364246
5.60156 0.364221

7 0.215131
6.99591 0.21875

6.98438 0.228503
6.97688 0.234375

6.96875 0.240393
6.97656 0.23458

6.97656 0.234609
6.97687 0.234375

6.99219 0.221998
6.98671 0.226562

5.60156 0.364222
5.60938 0.364197

5.60938 0.364196
5.61719 0.364172

6.98438 0.228464
6.98671 0.226562

6.99219 0.221877
6.9958 0.21875

5.61719 0.364173
5.625 0.36415

5.625 0.364149
5.63281 0.364127

5.63281 0.364128
5.64062 0.364107

6.8125 0.311831
6.8101 0.3125

6.75 0.326401
6.75781 0.324935

5.64062 0.364107
5.64844 0.364088

5.64844 0.364088
5.65625 0.364071

5.65625 0.36407
5.66406 0.364055

5.66406 0.364056
5.67188 0.364042

5.67188 0.364041
5.67969 0.364028

5.67969 0.364029
5.6875 0.364017

5.6875 0.364017
5.69531 0.364005

5.69531 0.364006
5.70312 0.363995

5.70312 0.363994
5.71094 0.363983

5.71094 0.363984
5.71875 0.363972

5.71875 0.363971
5.72656 0.363957

5.72656 0.363958
5.73438 0.363943

5.73438 0.363942
5.74219 0.363924

5.74219 0.363925
5.75 0.363906

5.75 0.363905
5.75781 0.363883

5.75781 0.363884
5.76562 0.363859

5.76562 0.363858
5.77344 0.363832

5.77344 0.363833
5.78125 0.363803

5.78125 0.363802
5.78906 0.363771

5.78906 0.363772
5.79688 0.363739

5.79688 0.363738
5.80469 0.363703

5.80469 0.363704
5.8125 0.363667

5.8125 0.363666
5.82031 0.363628

5.82031 0.363629
5.82812 0.363589

5.82812 0.363588
5.83594 0.363548

5.83594 0.363549
5.84375 0.363508

5.84375 0.363507
5.85156 0.363466

5.85156 0.363467
5.85938 0.363427

5.85938 0.363425
5.86719 0.363386

5.86719 0.363387
5.875 0.36335

