5.6875 0.364463
5.69531 0.36466

5.69531 0.364665
5.70312 0.364799

4.9375 0.362154
4.94531 0.361907

6.5625 0.3482
6.57031 0.347536

6.57031 0.347537
6.57812 0.346854

6.57812 0.34685
6.58594 0.346156

4.94531 0.361898
4.95312 0.361698

6.58594 0.346159
6.59375 0.345453

4.95312 0.361694
4.96094 0.361569

6.61719 0.343023
6.61081 0.34375

6.61719 0.343022
6.625 0.342058

5.70312 0.364801
5.71094 0.364858

4.96094 0.361569
4.96875 0.361525

4.62918 0
4.62917 0.0078125

6.59375 0.345461
6.60156 0.34472

4.62917 0.0078125
4.62916 0.015625

6.60156 0.344728
6.60938 0.343918

4.96875 0.361527
4.97656 0.36156

4.97656 0.361563
4.98438 0.361664

4.62916 0.015625
4.62914 0.0234375

4.98438 0.361667
4.99219 0.36182

5.71094 0.364857
5.71875 0.364833

4.99219 0.361824
5 0.362013

5.71875 0.364829
5.72656 0.364735

6.60938 0.343921
6.61088 0.34375

6.625 0.342041
6.63281 0.341043

6.63281 0.341043
6.64062 0.340048

4.62914 0.0234375
4.62912 0.03125

6.64062 0.340048
6.64844 0.339055

4.62912 0.03125
4.62909 0.0390625

6.64844 0.339057
6.65625 0.33806

5.72656 0.364729
5.73438 0.364583

6.65625 0.338062
6.66406 0.337054

5.73438 0.364577
5.74219 0.364405

6.66406 0.337062
6.67188 0.336022

6.67969 0.334929
6.67253 0.335938

5 0.362017
5.00781 0.362227

6.67188 0.336029
6.67253 0.335938

5.00781 0.362231
5.01562 0.362445

6.67969 0.334915
6.6875 0.333768

5.01562 0.362445
5.02344 0.362652

6.6875 0.333766
6.69531 0.332602

5.74219 0.3644
5.75 0.364223

6.69531 0.332608
6.70312 0.331421

5.02344 0.362655
5.03125 0.362848

5.03125 0.36285
5.03906 0.363017

6.70312 0.331421
6.71094 0.330196

4.62909 0.0390625
4.62906 0.046875

6.71094 0.330199
6.71875 0.32893

4.62906 0.046875
4.62904 0.0546875

4.62904 0.0546875
4.62902 0.0625

6.72656 0.327595
6.72345 0.328125

4.62902 0.0625
4.62901 0.0703125

5.03906 0.363018
5.04688 0.363153

4.62901 0.0703125
4.62902 0.078125

4.62902 0.078125
4.62905 0.0859375

5.75 0.364219
5.75781 0.364055

4.62905 0.0859375
4.62909 0.09375

5.04688 0.363152
5.05469 0.363256

5.75781 0.364052
5.76562 0.363916

5.05469 0.363252
5.0625 0.363336

5.76562 0.363914
5.77344 0.363818

5.0625 0.363332
5.07031 0.363415

5.07031 0.363412
5.07812 0.363506

5.07812 0.363504
5.08594 0.363617

5.08594 0.363616
5.09375 0.363753

5.77344 0.363817
5.78125 0.363768

5.78125 0.363768
5.78906 0.363768

5.78906 0.363769
5.79688 0.363815

5.79688 0.363817
5.80469 0.363899

5.80469 0.363903
5.8125 0.364011

5.09375 0.363754
5.10156 0.363914

5.8125 0.364015
5.82031 0.364133

5.10156 0.363915
5.10938 0.364094

5.82031 0.364138
5.82812 0.364246

5.82812 0.36425
5.83594 0.36433

5.83594 0.364334
5.84375 0.364374

5.84375 0.364375
5.85156 0.364364

5.10938 0.364096
5.11719 0.364288

5.85156 0.364364
5.85938 0.364301

5.11719 0.364291
5.125 0.364488

6.72656 0.327605
6.73438 0.326206

6.71875 0.328943
6.72355 0.328125

5.85938 0.364299
5.86719 0.36419

4.62909 0.09375
4.62916 0.101562

5.86719 0.364187
5.875 0.364045

4.62916 0.101562
4.62924 0.109375

6.73438 0.326213
6.74219 0.324732

4.62924 0.109375
4.62935 0.117188

5.125 0.364489
5.13281 0.364679

5.875 0.364041
5.88281 0.363881

5.13281 0.364681
5.14062 0.36486

5.88281 0.363877
5.89062 0.363712

5.14062 0.364858
5.14844 0.365024

5.14844 0.365021
5.15625 0.365181

5.89062 0.363709
5.89844 0.363552

5.89844 0.363549
5.90625 0.363415

5.90625 0.363415
5.91406 0.363313

5.91406 0.363317
5.92188 0.36324

4.62935 0.117188
4.62949 0.125

5.92188 0.363239
5.92969 0.363182

4.62948 0.125
4.62966 0.132812

6.74219 0.324731
6.75 0.323155

5.15625 0.365178
5.16406 0.365342

6.9375 0.247927
6.93441 0.25

4.62966 0.132812
4.62988 0.140625

6.9375 0.247899
6.94531 0.242321

5.16406 0.36534
5.17188 0.365518

4.62988 0.140625
4.63015 0.148438

5.17188 0.365518
5.17969 0.365711

4.63015 0.148438
4.63047 0.15625

6.95312 0.236399
6.94548 0.242188

4.63047 0.15625
4.63086 0.164062

5.92969 0.363179
5.9375 0.363149

5.17969 0.365714
5.1875 0.365914

5.9375 0.363151
5.94531 0.363149

5.1875 0.365918
5.19531 0.366112

6.94531 0.242303
6.94547 0.242188

5.19531 0.366116
5.20312 0.366289

6.96094 0.230179
6.9557 0.234375

6.96875 0.223561
6.96522 0.226562

5.94531 0.363151
5.95312 0.363172

6.96094 0.230089
6.9652 0.226562

5.95312 0.363175
5.96094 0.363209

6.95312 0.236308
6.95561 0.234375

5.20312 0.366274
5.21094 0.366446

6.97656 0.216596
6.97417 0.21875

5.21094 0.366401
5.21875 0.36669

6.98438 0.209207
6.98264 0.210938

5.21875 0.366702
5.22656 0.367172

5.96094 0.363212
5.96875 0.363248

5.96875 0.363251
5.97656 0.363277

5.97656 0.363279
5.98438 0.363287

5.98438 0.363289
5.99219 0.363272

5.22611 0.367188
5.22656 0.367214

5.22656 0.367208
5.23438 0.367764

4.63085 0.164062
4.63134 0.171875

5.23438 0.367801
5.24219 0.368299

6.97656 0.21656
6.9825 0.210938

6.99219 0.201125
6.99031 0.203125

4.63132 0.171875
4.63196 0.179688

7 0.192143
6.99733 0.195312

5.24219 0.368281
5.25 0.368682

6.99219 0.200932
6.99725 0.195312

4.63195 0.179688
4.63278 0.1875

5.99219 0.363271
6 0.363229

4.6328 0.1875
4.63281 0.187628

6.98438 0.208928
6.99 0.203125

5.25 0.368695
5.25781 0.369008

6.96875 0.223427
6.97406 0.21875

5.25781 0.36901
5.26562 0.369203

6 0.363227
6.00781 0.363164

6.00781 0.363162
6.01562 0.363085

6.01562 0.363083
6.02344 0.362999

6.02344 0.362998
6.03125 0.362916

5.26562 0.369244
5.27344 0.369231

6.03125 0.362915
6.03906 0.362838

5.27344 0.369194
5.28125 0.368964

6.79688 0.311465
6.79322 0.3125

6.79688 0.311455
6.80469 0.309127

6.03906 0.362837
6.04688 0.362766

5.28125 0.368928
5.28906 0.368628

4.63281 0.187518
4.63377 0.195312

5.28906 0.368598
5.29688 0.368358

6.80469 0.309132
6.8125 0.306678

5.29688 0.368363
5.30469 0.368233

6.75 0.323154
6.75781 0.321488

6.04688 0.362766
6.05469 0.362703

6.76562 0.319699
6.76293 0.320312

4.63376 0.195312
4.63479 0.203125

6.75781 0.32151
6.76307 0.320312

5.30469 0.368238
5.3125 0.368201

6.76562 0.319725
6.77344 0.317806

5.3125 0.368213
5.32031 0.368235

4.63477 0.203125
4.63594 0.210938

5.32031 0.368225
5.32812 0.368301

4.63592 0.210938
4.63728 0.21875

6.77344 0.317785
6.78125 0.315758

5.32812 0.368319
5.33594 0.368432

6.78125 0.315765
6.78906 0.313659

5.33594 0.368435
5.34375 0.368542

6.78906 0.313656
6.79315 0.3125

5.34375 0.36856
5.35156 0.368617

6.82031 0.304125
6.81861 0.304688

6.8125 0.306663
6.81848 0.304688

6.05469 0.362703
6.0625 0.362649

6.0625 0.362649
6.07031 0.362601

5.35156 0.368586
5.35938 0.368621

6.07031 0.362602
6.07812 0.362558

5.35938 0.368636
5.36719 0.368683

6.82031 0.304082
6.82812 0.301397

6.84375 0.295784
6.84077 0.296875

6.07812 0.362558
6.08594 0.362516

6.08594 0.362517
6.09375 0.362472

5.36719 0.368695
5.375 0.368698

6.09375 0.362473
6.10156 0.362423

5.375 0.368721
5.38281 0.368611

4.63728 0.21875
4.63887 0.226562

5.38281 0.368583
5.39062 0.368371

6.10156 0.362424
6.10938 0.362366

5.39062 0.368367
5.39844 0.368116

6.10938 0.362364
6.11719 0.362299

5.39844 0.368168
5.40625 0.367779

5.41406 0.366907
5.41123 0.367188

5.40625 0.367898
5.41344 0.367188

5.41406 0.366971
5.42188 0.36589

6.11719 0.3623
6.125 0.362228

6.125 0.362225
6.13281 0.362147

6.13281 0.362148
6.14062 0.362066

6.14062 0.362064
6.14844 0.361979

6.14844 0.361979
6.15625 0.361896

5.42188 0.36577
5.42969 0.364833

5.42969 0.364871
5.4375 0.364241

4.63887 0.226562
4.64062 0.234182

5.4375 0.364271
5.44531 0.363814

6.15625 0.361896
6.16406 0.361815

5.44531 0.363821
5.45312 0.363461

6.16406 0.361815
6.17188 0.361735

6.17188 0.361736
6.17969 0.361657

4.64062 0.234375
4.64062 0.234399

6.17969 0.361657
6.1875 0.36158

5.45312 0.363466
5.46094 0.363178

6.1875 0.36158
6.19531 0.361505

5.46094 0.363176
5.46875 0.362953

6.19531 0.361507
6.20312 0.361432

6.20312 0.361429
6.21094 0.361356

6.21094 0.361358
6.21875 0.361292

6.21875 0.36129
6.22656 0.361232

5.46875 0.362948
5.47656 0.362801

6.22656 0.361237
6.23438 0.361178

5.47656 0.362794
5.48438 0.362749

6.23438 0.361178
6.24219 0.36111

5.48438 0.362746
5.49219 0.36282

6.82812 0.301393
6.83594 0.298629

5.49219 0.362821
5.5 0.363016

6.24219 0.361111
6.25 0.36103

6.83594 0.298638
6.84075 0.296875

4.64062 0.234147
4.64068 0.234375

6.84375 0.295776
6.85156 0.292793

6.85156 0.292813
6.85938 0.289675

4.64067 0.234375
4.64268 0.242188

5.5 0.363027
5.50781 0.363316

6.25 0.36103
6.25781 0.360936

5.50781 0.363322
5.51562 0.363673

6.25781 0.360936
6.26562 0.360828

4.64264 0.242188
4.64496 0.25

6.26562 0.360828
6.27344 0.360706

6.86719 0.286339
6.86081 0.289062

6.85938 0.289678
6.86082 0.289062

5.51562 0.363686
5.52344 0.364061

5.52344 0.364074
5.53125 0.364422

6.27344 0.360705
6.28125 0.360571

6.28125 0.360571
6.28906 0.360426

4.64498 0.25
4.64765 0.257812

6.28906 0.360426
6.29688 0.36027

6.86719 0.286326
6.875 0.282825

6.29688 0.360271
6.30469 0.360099

6.88281 0.279184
6.8784 0.28125

4.64756 0.257812
4.64844 0.260105

6.88281 0.279176
6.89062 0.275334

5.53125 0.364433
5.53906 0.364707

5.53906 0.364716
5.54688 0.364876

4.64844 0.259782
4.65068 0.265625

5.54688 0.364878
5.55469 0.364901

6.89844 0.271288
6.89429 0.273438

5.55469 0.364895
5.5625 0.364789

4.65061 0.265625
4.65402 0.273438

6.30469 0.360099
6.3125 0.359907

4.654 0.273438
4.65625 0.278081

6.89062 0.275355
6.89433 0.273438

5.5625 0.364779
5.57031 0.364575

6.89844 0.27128
6.90625 0.267049

5.57031 0.364564
5.57812 0.364302

4.65625 0.277747
4.65795 0.28125

5.57812 0.364293
5.58594 0.364011

6.875 0.282823
6.87836 0.28125

6.3125 0.35991
6.32031 0.35969

6.91406 0.262689
6.90885 0.265625

6.32031 0.359712
6.32812 0.359413

4.65775 0.28125
4.66201 0.289062

6.33594 0.359007
6.32856 0.359375

5.58594 0.364004
5.59375 0.363734

6.91406 0.262684
6.92188 0.258057

5.59375 0.363728
5.60156 0.363498

6.90625 0.266999
6.90869 0.265625

4.6618 0.289062
4.66406 0.292725

5.60156 0.363497
5.60938 0.363323

4.66406 0.292026
4.66708 0.296875

6.92969 0.253142
6.92228 0.257812

4.66673 0.296875
4.67188 0.303978

6.33594 0.358944
6.34375 0.358624

6.92188 0.258063
6.92229 0.257812

6.32812 0.359399
6.32861 0.359375

6.92969 0.253114
6.93432 0.25

6.34375 0.358666
6.35156 0.358458

7.0625 0.0691755
7.06225 0.0703125

5.60938 0.363324
5.61719 0.363209

7.06223 0.0703125
7.06035 0.078125

5.61719 0.363208
5.625 0.36315

7.06038 0.078125
7.05826 0.0859375

5.625 0.363151
5.63281 0.36315

7.05826 0.0859375
7.05583 0.09375

5.63281 0.36315
5.64062 0.363206

7.04688 0.117628
7.04363 0.125

7.05469 0.0969744
7.0531 0.101562

6.35156 0.358472
6.35938 0.358265

7.05309 0.101562
7.05018 0.109375

6.35938 0.358287
6.36719 0.35801

7.05469 0.0969138
7.05578 0.09375

7.05019 0.109375
7.04705 0.117188

5.64062 0.363205
5.64844 0.36332

7.04688 0.117587
7.04705 0.117188

5.64844 0.363322
5.65625 0.363494

7.07025 0
7.07014 0.0078125

5.65625 0.363497
5.66406 0.363713

7.07013 0.0078125
7.06984 0.015625

4.67183 0.304688
4.67188 0.304738

7.06984 0.015625
7.06936 0.0234375

5.66406 0.363718
5.67188 0.36396

7.06936 0.0234375
7.06871 0.03125

5.67188 0.363964
5.67969 0.364214

7.06871 0.03125
7.06787 0.0390625

5.67969 0.36422
5.6875 0.364457

7.06788 0.0390625
7.06682 0.046875

7.06684 0.046875
7.06553 0.0546875

7.06552 0.0546875
7.06397 0.0625

6.36719 0.357945
6.375 0.357685

7.0625 0.0689963
7.06394 0.0625

7.03125 0.1488
7.02668 0.15625

7.00781 0.182551
7.00385 0.1875

6.375 0.357725
6.38281 0.357531

4.67188 0.303382
4.67285 0.304688

4.67255 0.304688
4.67903 0.3125

6.38281 0.357533
6.39062 0.357321

6.39062 0.357343
6.39844 0.357062

4.67853 0.3125
4.67969 0.313811

6.39844 0.357008
6.40625 0.356722

7.01562 0.172372
7.01014 0.179688

6.40625 0.356753
6.41406 0.356507

6.41406 0.356509
6.42188 0.356239

7.00781 0.182585
7.01008 0.179688

6.42188 0.35626
6.42969 0.355921

6.42969 0.355874
6.4375 0.355518

6.4375 0.355541
6.44531 0.355215

6.44531 0.355216
6.45312 0.354876

4.67969 0.31335
4.68641 0.320312

4.68632 0.320312
4.6875 0.321416

7.02344 0.161177
7.02152 0.164062

4.6875 0.321393
4.69531 0.327939

4.69531 0.327766
4.69581 0.328125

6.45312 0.35487
6.46094 0.354525

6.46094 0.354524
6.46875 0.354188

6.46875 0.354191
6.47656 0.35386

6.47656 0.353863
6.48438 0.353525

4.69528 0.328125
4.69531 0.328149

6.48438 0.353528
6.49219 0.353169

7.02145 0.164062
7.01596 0.171875

6.49219 0.353169
6.5 0.352781

6.5 0.352781
6.50781 0.352363

6.50781 0.352366
6.51562 0.351915

4.69581 0.328125
4.70312 0.33321

4.70312 0.333222
4.70767 0.335938

4.70777 0.335938
4.71094 0.337831

4.71094 0.337825
4.71875 0.341848

6.52344 0.351409
6.52109 0.351562

6.51562 0.351928
6.52121 0.351562

6.52344 0.351419
6.53125 0.350816

6.53125 0.35079
6.53906 0.350136

4.71875 0.341857
4.72291 0.34375

6.53906 0.350134
6.54688 0.349486

7.02344 0.161001
7.02659 0.15625

6.54688 0.349489
6.55469 0.348846

6.55469 0.348848
6.5625 0.348199

7.01562 0.172323
7.01595 0.171875

7.03906 0.134301
7.03578 0.140625

7.04363 0.125
7.03986 0.132812

4.72317 0.34375
4.72656 0.345292

4.72656 0.345386
4.73438 0.348502

4.73438 0.348456
4.74219 0.351168

4.74219 0.351108
4.74365 0.351562

4.74346 0.351562
4.75 0.35359

7.03906 0.134275
7.03982 0.132812

4.75 0.353748
4.75781 0.355567

4.75781 0.355526
4.76562 0.356484

4.76562 0.356378
4.77344 0.356767

7.0358 0.140625
7.03144 0.148438

7.03125 0.148768
7.03144 0.148438

4.77344 0.356701
4.78125 0.356862

4.78125 0.356813
4.78906 0.356976

4.78906 0.356945
4.79688 0.357268

4.79688 0.357256
4.80469 0.357826

4.80469 0.357811
4.8125 0.358679

7 0.192037
7.00377 0.1875

4.8125 0.358754
4.81719 0.359375

4.81708 0.359375
4.82031 0.359803

4.82031 0.359994
4.82812 0.360632

4.82812 0.360533
4.83594 0.360574

4.83594 0.360478
4.84375 0.360315

4.84375 0.360279
4.85156 0.360177

4.85156 0.360168
4.85938 0.360216

4.85938 0.360223
4.86719 0.360425

4.86719 0.360442
4.875 0.360753

4.875 0.360759
4.88281 0.361134

4.88281 0.361141
4.89062 0.361555

4.89062 0.361566
4.89844 0.361985

4.89844 0.362006
4.90625 0.362362

4.90625 0.362384
4.91406 0.362592

4.91406 0.362594
4.92188 0.362607

4.92188 0.36259
4.92969 0.362436

4.92969 0.362412
4.9375 0.362171

