3.29688 0.326128
3.30469 0.325455

3.30469 0.325458
3.3125 0.324752

3.3125 0.324751
3.32031 0.324007

2.26589 0
2.26594 0.0078125

2.26594 0.0078125
2.26607 0.015625

3.32031 0.324009
3.32812 0.323224

3.32812 0.323222
3.33594 0.322396

3.33594 0.322398
3.34375 0.321532

3.34375 0.321527
3.35156 0.320631

3.35938 0.319715
3.35431 0.320312

3.35156 0.320626
3.35422 0.320312

3.35938 0.319718
3.36719 0.318756

2.26607 0.015625
2.26631 0.0234375

2.26632 0.0234375
2.26667 0.03125

3.36719 0.318756
3.375 0.317741

3.41406 0.312027
3.41101 0.3125

3.41406 0.31204
3.42188 0.310824

3.42188 0.310825
3.42969 0.309528

3.42969 0.309525
3.4375 0.308153

3.375 0.317737
3.38281 0.316676

3.38281 0.316676
3.39062 0.315578

2.26666 0.03125
2.26713 0.0390625

2.26714 0.0390625
2.26775 0.046875

3.39062 0.31558
3.39844 0.314441

3.39844 0.314451
3.40625 0.31325

3.40625 0.313196
3.41075 0.3125

3.4375 0.30815
3.44531 0.306716

3.44531 0.306714
3.45312 0.305229

3.46094 0.303705
3.45591 0.304688

3.45312 0.305215
3.45582 0.304688

2.26774 0.046875
2.26848 0.0546875

2.26848 0.0546875
2.26936 0.0625

3.46094 0.303708
3.46875 0.302125

3.46875 0.302128
3.47656 0.300467

3.47656 0.30048
3.48438 0.29871

3.5 0.295081
3.49236 0.296875

3.48438 0.298657
3.49212 0.296875

3.49219 0.296914
3.49235 0.296875

2.26936 0.0625
2.27038 0.0703125

2.27038 0.0703125
2.27152 0.078125

3.625 0.248672
3.62242 0.25

3.625 0.248601
3.63281 0.244349

3.64062 0.2399
3.63665 0.242188

3.63281 0.244285
3.63646 0.242188

3.65625 0.230315
3.64975 0.234375

3.64062 0.239817
3.64844 0.235144

3.64844 0.23515
3.6497 0.234375

3.67969 0.213837
3.6731 0.21875

3.6875 0.207704
3.6834 0.210938

3.67969 0.213737
3.6833 0.210938

3.66406 0.225252
3.66207 0.226562

3.65625 0.230266
3.66184 0.226562

3.66406 0.225139
3.67188 0.219653

3.67188 0.219628
3.67309 0.21875

3.71094 0.186833
3.71025 0.1875

3.71875 0.17887
3.71798 0.179688

3.71094 0.186751
3.71787 0.179688

3.75 0.139458
3.74926 0.140625

3.74219 0.150509
3.7379 0.15625

3.74917 0.140625
3.74375 0.148438

3.74219 0.15049
3.74367 0.148438

3.72656 0.170153
3.72506 0.171875

3.73438 0.160738
3.73175 0.164062

3.72656 0.170072
3.73169 0.164062

3.71875 0.178676
3.72497 0.171875

3.73438 0.160679
3.73785 0.15625

3.69531 0.2012
3.69303 0.203125

3.70312 0.194256
3.70197 0.195312

3.69531 0.201115
3.70183 0.195312

3.6875 0.207578
3.69285 0.203125

3.70312 0.194124
3.7101 0.1875

3.5 0.295081
3.50781 0.293097

2.27152 0.078125
2.27278 0.0859375

2.27277 0.0859375
2.27344 0.0896537

3.50781 0.293091
3.51562 0.29097

3.52344 0.28878
3.52245 0.289062

3.51562 0.290955
3.52225 0.289062

2.27344 0.0896354
2.27417 0.09375

2.27417 0.09375
2.27572 0.101562

3.52344 0.288733
3.53125 0.286399

3.55469 0.278778
3.54742 0.28125

3.55469 0.278779
3.5625 0.275976

3.53125 0.286398
3.53906 0.283961

3.53906 0.283962
3.54688 0.281425

3.54688 0.281429
3.5474 0.28125

3.57031 0.273107
3.56943 0.273438

3.5625 0.275959
3.56922 0.273438

3.57031 0.273041
3.57812 0.269981

3.59375 0.263566
3.58885 0.265625

3.57812 0.269962
3.58594 0.266801

3.58594 0.266795
3.58872 0.265625

3.59375 0.263553
3.60156 0.260082

3.60938 0.256479
3.60653 0.257812

3.60156 0.260037
3.60631 0.257812

3.60938 0.256415
3.61719 0.252592

3.61719 0.252565
3.62218 0.25

3.79208 0
3.79194 0.0078125

3.79194 0.0078125
3.79155 0.015625

3.79154 0.015625
3.79089 0.0234375

3.79088 0.0234375
3.78998 0.03125

3.78906 0.0376221
3.78885 0.0390625

3.78885 0.0390625
3.78748 0.046875

3.78906 0.0375637
3.78998 0.03125

3.78748 0.046875
3.78585 0.0546875

3.78586 0.0546875
3.78394 0.0625

3.78125 0.0721606
3.77944 0.078125

3.77945 0.078125
3.77675 0.0859375

3.77673 0.0859375
3.77373 0.09375

3.76562 0.111991
3.76303 0.117188

3.76303 0.117188
3.75877 0.125

3.77344 0.0944766
3.77048 0.101562

3.77049 0.101562
3.76692 0.109375

3.77344 0.0944524
3.77373 0.09375

3.76562 0.111942
3.76691 0.109375

3.78391 0.0625
3.78177 0.0703125

3.78125 0.0721104
3.78179 0.0703125

3.75781 0.12659
3.75413 0.132812

3.75 0.139279
3.75413 0.132812

3.75781 0.126557
3.75873 0.125

2.27572 0.101562
2.27743 0.109375

2.27744 0.109375
2.27931 0.117188

2.27931 0.117188
2.28125 0.12471

2.28125 0.124693
2.28133 0.125

2.28122 0.125
2.28125 0.12509

2.28128 0.125
2.28352 0.132812

2.28356 0.132812
2.28606 0.140625

2.28606 0.140625
2.28874 0.148438

2.28868 0.148438
2.28906 0.149465

2.28906 0.149336
2.29165 0.15625

2.29162 0.15625
2.29486 0.164062

2.29485 0.164062
2.29688 0.168493

2.29688 0.168421
2.29845 0.171875

2.29844 0.171875
2.30232 0.179688

2.30228 0.179688
2.30469 0.18414

2.30469 0.184061
2.30655 0.1875

2.30651 0.1875
2.31114 0.195312

2.31111 0.195312
2.3125 0.197504

2.3125 0.197344
2.31622 0.203125

2.31617 0.203125
2.32031 0.209074

2.32031 0.209064
2.3216 0.210938

2.32154 0.210938
2.32757 0.21875

2.32745 0.21875
2.32812 0.219575

2.32812 0.219322
2.33429 0.226562

2.33424 0.226562
2.33594 0.228466

2.33594 0.228383
2.34147 0.234375

2.34137 0.234375
2.34375 0.236802

2.34375 0.236689
2.34948 0.242188

2.34938 0.242188
2.35156 0.244203

2.35156 0.244158
2.35824 0.25

2.35797 0.25
2.35938 0.251189

2.35938 0.251033
2.36719 0.257223

2.36719 0.257143
2.36811 0.257812

2.36808 0.257812
2.375 0.262823

2.375 0.262733
2.37929 0.265625

2.37906 0.265625
2.38281 0.268146

2.38281 0.268094
2.39062 0.272981

2.39062 0.272932
2.3915 0.273438

2.39145 0.273438
2.39844 0.277472

2.39844 0.277462
2.40554 0.28125

2.40526 0.28125
2.40625 0.281779

2.40625 0.281621
2.41406 0.285475

2.41406 0.285476
2.42187 0.289062

2.42182 0.289062
2.42188 0.289087

2.42188 0.289051
2.4219 0.289062

2.42189 0.289062
2.42969 0.292397

2.42969 0.292386
2.4375 0.29552

2.4375 0.295493
2.44119 0.296875

2.441 0.296875
2.44531 0.298494

2.44531 0.298475
2.45312 0.301146

2.45312 0.301109
2.46094 0.303567

2.46094 0.303552
2.46478 0.304688

2.46464 0.304688
2.46875 0.305902

2.46875 0.305874
2.47656 0.308048

2.47656 0.30804
2.48438 0.310112

2.48438 0.310114
2.49219 0.312093

2.49219 0.312124
2.49383 0.3125

2.49373 0.3125
2.5 0.31393

2.5 0.313848
2.50781 0.315491

2.50781 0.315519
2.51562 0.317121

2.51562 0.317117
2.52344 0.318628

2.52344 0.318628
2.53125 0.320057

2.53125 0.32005
2.53277 0.320312

2.53273 0.320312
2.53906 0.321405

2.53906 0.321401
2.54688 0.32267

2.54688 0.322668
2.55469 0.323867

2.55469 0.32387
2.5625 0.324998

2.5625 0.324998
2.57031 0.326047

2.57031 0.326041
2.57812 0.327024

2.57812 0.327024
2.58594 0.327955

2.58594 0.327996
2.58721 0.328125

2.58718 0.328125
2.59375 0.328789

2.59375 0.328723
2.60156 0.329412

2.60156 0.329438
2.60938 0.330106

2.60938 0.330094
2.61719 0.330712

2.61719 0.330716
2.625 0.331299

2.625 0.331297
2.63281 0.331842

2.63281 0.331842
2.64062 0.332351

2.64062 0.332349
2.64844 0.332825

2.64844 0.332825
2.65625 0.333272

2.65625 0.333269
2.66406 0.333693

2.66406 0.333694
2.67188 0.334099

2.67188 0.334099
2.67969 0.334482

2.67969 0.334482
2.6875 0.334843

2.6875 0.334842
2.69531 0.335181

2.69531 0.335182
2.70312 0.335498

2.70312 0.335499
2.71094 0.335787

2.71094 0.335788
2.71556 0.335938

2.71553 0.335938
2.71875 0.336042

2.71875 0.336038
2.72656 0.33626

2.72656 0.33626
2.73438 0.336458

2.73438 0.336454
2.74219 0.336634

2.74219 0.336636
2.75 0.336801

2.75 0.336799
2.75781 0.33695

2.75781 0.336952
2.76562 0.337089

2.76562 0.337087
2.77344 0.337212

2.77344 0.337214
2.78125 0.337326

2.78125 0.337324
2.78906 0.337424

2.78906 0.337426
2.79688 0.337516

2.79688 0.337514
2.80469 0.337593

2.80469 0.337595
2.8125 0.337665

2.8125 0.337663
2.82031 0.337725

2.82031 0.337726
2.82812 0.33778

2.82812 0.337778
2.83594 0.337823

2.83594 0.337825
2.84375 0.337863

2.84375 0.337861
2.85156 0.337892

2.85156 0.337894
2.85938 0.337918

2.85938 0.337916
2.86719 0.337933

2.86719 0.337935
2.875 0.337946

2.875 0.337944
2.88281 0.337948

2.88281 0.33795
2.89062 0.337948

2.89062 0.337946
2.89844 0.337938

2.89844 0.337939
2.90625 0.337925

2.90625 0.337924
2.91406 0.337903

2.91406 0.337905
2.92188 0.337879

2.92188 0.337877
2.92969 0.337845

2.92969 0.337847
2.9375 0.337809

2.9375 0.337807
2.94531 0.337764

2.94531 0.337765
2.95312 0.337716

2.95312 0.337714
2.96094 0.33766

2.96094 0.337661
2.96875 0.337601

2.96875 0.337599
2.97656 0.337533

2.97656 0.337534
2.98438 0.337463

2.98438 0.337461
2.99219 0.337383

2.99219 0.337385
3 0.337301

3 0.3373
3.00781 0.33721

3.00781 0.337212
3.01562 0.337117

3.01562 0.337115
3.02344 0.337013

3.02344 0.337015
3.03125 0.336907

3.03125 0.336905
3.03906 0.33679

3.03906 0.336792
3.04688 0.33667

3.04688 0.336668
3.05469 0.336539

3.05469 0.336541
3.0625 0.336405

3.0625 0.336402
3.07031 0.336259

3.07031 0.336261
3.07812 0.336113

3.07812 0.336111
3.08594 0.335959

3.09375 0.335803
3.0872 0.335938

3.08594 0.335963
3.08717 0.335938

3.09375 0.335804
3.10156 0.335623

3.10156 0.335623
3.10938 0.335419

3.10938 0.335418
3.11719 0.335191

3.11719 0.33519
3.125 0.334943

3.125 0.334942
3.13281 0.334678

3.13281 0.334678
3.14062 0.3344

3.14062 0.3344
3.14844 0.334108

3.14844 0.334108
3.15625 0.333801

3.15625 0.333799
3.16406 0.333481

3.16406 0.333482
3.17188 0.333154

3.17188 0.333154
3.17969 0.332815

3.17969 0.332816
3.1875 0.332463

3.1875 0.332459
3.19531 0.332096

3.19531 0.332099
3.20312 0.331727

3.20312 0.331727
3.21094 0.331343

3.21094 0.331346
3.21875 0.330945

3.21875 0.330939
3.22656 0.330529

3.22656 0.330532
3.23438 0.33012

3.23438 0.330122
3.24219 0.329696

3.24219 0.3297
3.25 0.329248

3.25 0.329234
3.25781 0.328776

3.25781 0.328784
3.26562 0.328332

3.27344 0.327868
3.26919 0.328125

3.27344 0.327875
3.28125 0.327351

3.26562 0.328334
3.26908 0.328125

3.28125 0.327344
3.28906 0.326762

3.28906 0.326766
3.29688 0.326135

