5.92969 0.3846
5.9375 0.384592

5.9375 0.384591
5.94531 0.384583

7.25 0.373954
7.25781 0.373647

7.25781 0.37365
7.26562 0.373343

5.94531 0.384583
5.95312 0.384575

5.33287 0
5.33286 0.0078125

7.26562 0.373341
7.27344 0.373034

5.33286 0.0078125
5.33282 0.015625

5.33282 0.015625
5.33275 0.0234375

5.33275 0.0234375
5.33265 0.03125

5.33265 0.03125
5.33253 0.0390625

5.33253 0.0390625
5.33238 0.046875

7.27344 0.373036
7.28125 0.372729

5.33238 0.046875
5.3322 0.0546875

5.95312 0.384574
5.96094 0.384565

7.28125 0.372728
7.28906 0.37242

5.96094 0.384566
5.96875 0.384558

5.96875 0.384557
5.97656 0.384548

5.97656 0.384549
5.98438 0.38454

5.98438 0.384539
5.99219 0.38453

5.3322 0.0546875
5.332 0.0625

5.99219 0.38453
6 0.384521

5.332 0.0625
5.33177 0.0703125

5.33177 0.0703125
5.33151 0.078125

7.28906 0.372422
7.29688 0.372112

5.33151 0.078125
5.33122 0.0859375

6 0.384521
6.00781 0.384511

7.29688 0.372111
7.30469 0.371797

6.00781 0.384512
6.01562 0.384502

5.33122 0.0859375
5.33091 0.09375

6.01562 0.384501
6.02344 0.384491

6.02344 0.384492
6.03125 0.384482

5.33091 0.09375
5.33057 0.101562

5.33057 0.101562
5.3302 0.109375

7.30469 0.371799
7.3125 0.371481

5.3302 0.109375
5.32981 0.117188

6.03125 0.384481
6.03906 0.384471

5.32981 0.117188
5.32939 0.125

5.32812 0.146136
5.32798 0.148438

5.32798 0.148438
5.32747 0.15625

5.32939 0.125
5.32894 0.132812

6.03906 0.384472
6.04688 0.384461

7.3125 0.371481
7.32031 0.371156

6.04688 0.384461
6.05469 0.38445

6.05469 0.384451
6.0625 0.38444

7.32031 0.371158
7.32812 0.370822

7.32812 0.370821
7.33594 0.370471

7.33594 0.370472
7.34375 0.370107

7.34375 0.370107
7.35156 0.369725

6.0625 0.384439
6.07031 0.384428

5.32894 0.132812
5.32847 0.140625

6.07031 0.384429
6.07812 0.384418

6.07812 0.384417
6.08594 0.384406

6.08594 0.384406
6.09375 0.384395

6.09375 0.384394
6.10156 0.384382

7.35156 0.369726
7.35938 0.369327

6.10156 0.384383
6.10938 0.384371

5.32812 0.146119
5.32847 0.140625

6.10938 0.38437
6.11719 0.384358

6.11719 0.384359
6.125 0.384346

5.32747 0.15625
5.32694 0.164062

6.125 0.384346
6.13281 0.384333

6.13281 0.384334
6.14062 0.384321

5.32694 0.164062
5.3264 0.171875

5.3264 0.171875
5.32585 0.179688

7.35938 0.369327
7.36719 0.368908

5.32585 0.179688
5.3253 0.1875

6.14062 0.38432
6.14844 0.384307

7.36719 0.36891
7.375 0.36847

7.375 0.36847
7.38281 0.368008

7.38281 0.368007
7.39062 0.367524

7.39844 0.367024
7.3959 0.367188

6.14844 0.384308
6.15625 0.384294

5.3253 0.1875
5.32474 0.195312

6.15625 0.384294
6.16406 0.38428

7.39062 0.367523
7.39581 0.367188

6.16406 0.384281
6.17188 0.384267

5.32474 0.195312
5.32417 0.203125

6.17188 0.384266
6.17969 0.384252

7.39844 0.367019
7.40625 0.36649

6.17969 0.384253
6.1875 0.384239

6.1875 0.384238
6.19531 0.384223

6.19531 0.384224
6.20312 0.384209

6.20312 0.384209
6.21094 0.384193

5.32417 0.203125
5.32361 0.210938

6.21094 0.384194
6.21875 0.384179

6.21875 0.384178
6.22656 0.384163

5.32361 0.210938
5.32305 0.21875

5.32305 0.21875
5.3225 0.226562

7.40625 0.366488
7.41406 0.36594

5.3225 0.226562
5.32197 0.234375

6.22656 0.384164
6.23438 0.384148

7.41406 0.36594
7.42188 0.365376

6.23438 0.384147
6.24219 0.384131

6.24219 0.384132
6.25 0.384116

7.42188 0.365375
7.42969 0.364797

6.25 0.384115
6.25781 0.384099

5.32196 0.234375
5.32146 0.242188

6.25781 0.384099
6.26562 0.384083

6.26562 0.384082
6.27344 0.384065

5.32145 0.242188
5.32098 0.25

7.42969 0.364798
7.4375 0.364205

7.4375 0.364205
7.44531 0.363594

7.44531 0.363596
7.45312 0.362962

7.45312 0.362961
7.46094 0.362304

5.32031 0.263628
5.32023 0.265625

7.46094 0.362306
7.46875 0.361623

6.27344 0.384066
6.28125 0.384048

5.32098 0.25
5.32057 0.257812

5.32031 0.263597
5.32056 0.257812

7.46875 0.361618
7.47656 0.360915

5.32022 0.265625
5.31997 0.273438

6.28125 0.384048
6.28906 0.38403

7.47656 0.360917
7.48438 0.360201

6.28906 0.384031
6.29688 0.384013

6.29688 0.384013
6.30469 0.383995

6.30469 0.383995
6.3125 0.383977

6.3125 0.383977
6.32031 0.383959

5.31996 0.273438
5.31982 0.28125

6.32031 0.383959
6.32812 0.383941

6.32812 0.38394
6.33594 0.383921

6.33594 0.383922
6.34375 0.383903

7.5 0.358715
7.49321 0.359375

7.48438 0.3602
7.49219 0.359468

7.49219 0.359474
7.4932 0.359375

6.34375 0.383902
6.35156 0.383883

6.35156 0.383884
6.35938 0.383864

5.31981 0.28125
5.31983 0.289062

6.35938 0.383863
6.36719 0.383843

7.5 0.358715
7.50781 0.357918

6.36719 0.383844
6.375 0.383824

6.375 0.383824
6.38281 0.383804

6.38281 0.383804
6.39062 0.383784

5.31982 0.289062
5.32007 0.296875

6.39062 0.383783
6.39844 0.383762

7.50781 0.35792
7.51562 0.357078

6.39844 0.383763
6.40625 0.383742

6.40625 0.383742
6.41406 0.383721

7.51562 0.357076
7.52344 0.356189

6.41406 0.383721
6.42188 0.3837

5.32007 0.296875
5.32031 0.300524

7.52344 0.356192
7.53125 0.355258

5.32031 0.300464
5.32059 0.304688

6.42188 0.383699
6.42969 0.383678

7.53125 0.355261
7.53906 0.354268

6.42969 0.383679
6.4375 0.383657

5.32059 0.304688
5.32135 0.3125

6.4375 0.383656
6.44531 0.383634

5.3213 0.3125
5.32241 0.320312

5.3224 0.320312
5.324 0.328125

7.53906 0.354269
7.54688 0.353211

5.32399 0.328125
5.32612 0.335938

6.44531 0.383635
6.45312 0.383613

7.54688 0.353206
7.55469 0.35209

6.45312 0.383612
6.46094 0.38359

6.46094 0.38359
6.46875 0.383568

7.5625 0.350931
7.55827 0.351562

7.55469 0.352083
7.55818 0.351562

5.32599 0.335938
5.32812 0.341749

7.5625 0.350926
7.57031 0.349707

6.46875 0.383567
6.47656 0.383545

6.47656 0.383545
6.48438 0.383522

7.57031 0.349706
7.57812 0.348434

6.48438 0.383521
6.49219 0.383498

5.32812 0.3413
5.32902 0.34375

6.49219 0.383499
6.5 0.383475

6.5 0.383474
6.50781 0.383451

6.50781 0.383451
6.51562 0.383427

7.57812 0.348432
7.58594 0.347113

7.58594 0.347112
7.59375 0.34575

7.60938 0.342973
7.60505 0.34375

7.60938 0.342969
7.61719 0.341524

7.61719 0.341526
7.625 0.340021

5.32805 0.34375
5.32812 0.343916

7.59375 0.345741
7.60156 0.344357

6.51562 0.383426
6.52344 0.383402

5.32892 0.34375
5.33267 0.351562

6.52344 0.383403
6.53125 0.383378

7.60156 0.344352
7.60492 0.34375

6.53125 0.383377
6.53906 0.383352

7.625 0.340022
7.63281 0.33845

7.63281 0.338446
7.64062 0.336812

5.3324 0.351562
5.33594 0.357046

5.33594 0.356757
5.33764 0.359375

5.33734 0.359375
5.34375 0.366394

6.53906 0.383352
6.54688 0.383326

5.34375 0.366315
5.34475 0.367188

5.34472 0.367188
5.35156 0.372482

5.35156 0.37222
5.35681 0.375

6.54688 0.383326
6.55469 0.383299

6.55469 0.3833
6.5625 0.383273

7.64844 0.33514
7.64474 0.335938

7.64062 0.336799
7.64462 0.335938

5.3565 0.375
5.35938 0.376511

7.64844 0.335132
7.65625 0.333379

6.5625 0.383272
6.57031 0.383244

5.35938 0.376337
5.36719 0.379113

5.36719 0.379011
5.375 0.380783

7.65625 0.333383
7.66406 0.331546

7.66406 0.331538
7.67188 0.329627

6.57031 0.383245
6.57812 0.383216

7.67969 0.327697
7.67799 0.328125

7.67969 0.327671
7.6875 0.325612

7.67188 0.329615
7.67778 0.328125

7.73438 0.310746
7.72938 0.3125

7.73438 0.310743
7.74219 0.307863

7.74219 0.307851
7.75 0.304834

5.375 0.380691
5.38281 0.381846

7.6875 0.325619
7.69531 0.323431

6.57812 0.383215
6.58594 0.383186

5.38281 0.38177
5.39062 0.382642

6.58594 0.383186
6.59375 0.383155

6.59375 0.383155
6.60156 0.383123

6.60156 0.383123
6.60938 0.383089

6.60938 0.383089
6.61719 0.383053

7.69531 0.323424
7.70312 0.321108

6.61719 0.383054
6.625 0.383017

5.39062 0.382649
5.39235 0.382812

6.625 0.383016
6.63281 0.382977

6.63281 0.382978
6.64062 0.382936

6.64062 0.382936
6.64844 0.382892

6.64844 0.382893
6.65625 0.382847

7.71094 0.318681
7.7057 0.320312

7.70312 0.321096
7.70564 0.320312

7.71094 0.318677
7.71875 0.316125

7.71875 0.316112
7.72656 0.313463

7.72656 0.313448
7.72926 0.3125

5.39245 0.382812
5.39844 0.383381

5.39844 0.383403
5.40625 0.383975

6.66406 0.382798
6.66175 0.382812

7.85156 0.249799
7.85128 0.25

6.65625 0.382847
6.66161 0.382812

6.66406 0.382798
6.67188 0.382741

6.67188 0.38274
6.67969 0.382676

6.67969 0.382676
6.6875 0.382608

5.40625 0.383969
5.41406 0.384344

6.6875 0.382607
6.69531 0.382536

6.69531 0.382535
6.70312 0.382462

6.70312 0.382462
6.71094 0.382387

6.71094 0.382387
6.71875 0.382314

6.71875 0.382314
6.72656 0.382241

6.72656 0.382241
6.73438 0.382169

7.85156 0.249604
7.85938 0.24367

7.875 0.230799
7.87076 0.234375

7.86719 0.237391
7.86123 0.242188

7.85938 0.243616
7.86119 0.242188

6.73438 0.38217
6.74219 0.3821

5.41406 0.384327
5.42188 0.384549

6.74219 0.3821
6.75 0.382031

6.75 0.382031
6.75781 0.381964

6.75781 0.381963
6.76562 0.381896

7.86719 0.237284
7.87069 0.234375

7.98212 0
7.98202 0.0078125

7.98202 0.0078125
7.9817 0.015625

7.9817 0.015625
7.98118 0.0234375

6.76562 0.381897
6.77344 0.38183

5.42188 0.384527
5.42969 0.384672

6.77344 0.38183
6.78125 0.381764

6.78125 0.381764
6.78906 0.381697

6.78906 0.381697
6.79688 0.38163

6.79688 0.38163
6.80469 0.381563

7.98118 0.0234375
7.98045 0.03125

6.80469 0.381563
6.8125 0.381495

6.8125 0.381495
6.82031 0.381426

7.98045 0.03125
7.97952 0.0390625

7.97951 0.0390625
7.97838 0.046875

5.42969 0.384665
5.4375 0.38479

7.97656 0.0572019
7.97552 0.0625

6.82031 0.381426
6.82812 0.381356

6.82812 0.381356
6.83594 0.381286

7.97838 0.046875
7.97705 0.0546875

7.97656 0.0571739
7.97705 0.0546875

5.4375 0.38479
5.44531 0.384911

7.96875 0.0887502
7.96722 0.09375

6.83594 0.381286
6.84375 0.381214

5.44531 0.384916
5.45312 0.385025

5.45312 0.38503
5.46094 0.385108

7.96724 0.09375
7.96457 0.101562

5.46094 0.385111
5.46875 0.385144

6.84375 0.381214
6.85156 0.381142

5.46875 0.385141
5.47656 0.385127

5.47656 0.38512
5.48438 0.385082

5.48438 0.385071
5.49219 0.385048

5.49219 0.385047
5.5 0.385063

6.85156 0.381142
6.85938 0.381068

6.85938 0.381068
6.86719 0.380993

7.96454 0.101562
7.96158 0.109375

7.96094 0.110954
7.95839 0.117188

7.9584 0.117188
7.95494 0.125

7.96094 0.11092
7.96157 0.109375

7.97553 0.0625
7.97378 0.0703125

7.97378 0.0703125
7.9718 0.078125

7.97178 0.078125
7.96959 0.0859375

7.96875 0.0886942
7.96959 0.0859375

5.5 0.385069
5.50781 0.385113

7.92188 0.180358
7.91638 0.1875

6.86719 0.380993
6.875 0.380917

5.50781 0.38512
5.51562 0.385167

6.875 0.380917
6.88281 0.38084

6.88281 0.380841
6.89062 0.380762

5.51562 0.38517
5.52344 0.3852

5.52344 0.385201
5.53125 0.385204

7.92969 0.169487
7.92806 0.171875

5.53125 0.385201
5.53906 0.385183

6.89062 0.380762
6.89844 0.380683

7.9375 0.157607
7.93339 0.164062

6.89844 0.380683
6.90625 0.380603

6.90625 0.380602
6.91406 0.38052

7.92969 0.169371
7.93332 0.164062

7.928 0.171875
7.92235 0.179688

6.91406 0.380521
6.92188 0.380438

6.92188 0.380437
6.92969 0.380353

6.92969 0.380353
6.9375 0.380267

6.9375 0.380267
6.94531 0.380179

6.94531 0.38018
6.95312 0.380091

6.95312 0.380091
6.96094 0.380001

7.92188 0.180326
7.92235 0.179688

7.89062 0.216225
7.88805 0.21875

6.96094 0.380001
6.96875 0.37991

6.96875 0.379909
6.97656 0.379817

7.90625 0.199575
7.90313 0.203125

7.89844 0.2082
7.89584 0.210938

7.89062 0.216116
7.89573 0.210938

7.89844 0.208116
7.90301 0.203125

7.88281 0.223731
7.87971 0.226562

7.875 0.23065
7.87962 0.226562

7.88281 0.223601
7.88794 0.21875

7.91406 0.19031
7.90995 0.195312

7.90625 0.199513
7.90984 0.195312

5.53906 0.385182
5.54688 0.385152

6.97656 0.379817
6.98438 0.379723

7.91406 0.19029
7.9163 0.1875

6.98438 0.379722
6.99219 0.379626

6.99219 0.379627
7 0.37953

7.95312 0.128806
7.95122 0.132812

7 0.379529
7.00781 0.37943

5.54688 0.38515
5.55469 0.385116

7.00781 0.379431
7.01562 0.37933

7.95123 0.132812
7.94724 0.140625

7.01562 0.379329
7.02344 0.379226

5.55469 0.385116
5.5625 0.385083

7.02344 0.379227
7.03125 0.379121

7.94531 0.144136
7.94294 0.148438

7.03125 0.37912
7.03906 0.379013

5.5625 0.385082
5.57031 0.385051

7.03906 0.379015
7.04688 0.378904

7.94294 0.148438
7.93833 0.15625

7.04688 0.378903
7.05469 0.378788

7.05469 0.378789
7.0625 0.378672

7.94531 0.144067
7.94721 0.140625

7.95312 0.128735
7.9549 0.125

5.57031 0.385052
5.57812 0.385023

7.9375 0.157563
7.93832 0.15625

7.0625 0.378671
7.07031 0.378551

7.75781 0.30169
7.75039 0.304688

7.75 0.304842
7.75038 0.304688

5.57812 0.385022
5.58594 0.384997

7.75781 0.301681
7.76562 0.298381

7.07031 0.378553
7.07812 0.37843

5.58594 0.384998
5.59375 0.384975

5.59375 0.384974
5.60156 0.384954

5.60156 0.384955
5.60938 0.384936

5.60938 0.384935
5.61719 0.384918

5.61719 0.384919
5.625 0.384904

5.625 0.384903
5.63281 0.38489

7.07812 0.378428
7.08594 0.378302

7.08594 0.378304
7.09375 0.378173

7.77344 0.294975
7.76912 0.296875

7.77344 0.294968
7.78125 0.291354

7.76562 0.298353
7.76899 0.296875

7.80469 0.279437
7.80128 0.28125

7.80469 0.279398
7.8125 0.27505

5.63281 0.38489
5.64062 0.384878

7.78906 0.28757
7.78601 0.289062

7.09375 0.378172
7.10156 0.378037

5.64062 0.384877
5.64844 0.384865

7.10156 0.378038
7.10938 0.377898

7.78125 0.291321
7.78588 0.289062

7.10938 0.377896
7.11719 0.37775

5.64844 0.384866
5.65625 0.384855

7.11719 0.377752
7.125 0.377599

7.78906 0.28753
7.79688 0.283538

7.79688 0.283487
7.80108 0.28125

7.82031 0.270496
7.81528 0.273438

7.8125 0.275008
7.81518 0.273438

7.82031 0.270479
7.82812 0.265684

5.65625 0.384855
5.66406 0.384845

7.83594 0.260629
7.82826 0.265625

7.22656 0.374853
7.22248 0.375

5.66406 0.384846
5.67188 0.384836

7.22656 0.374848
7.23438 0.374553

7.84375 0.255264
7.84006 0.257812

7.23438 0.374551
7.24219 0.374255

5.67188 0.384835
5.67969 0.384827

7.24219 0.374261
7.25 0.37396

7.125 0.377598
7.13281 0.377438

7.13281 0.37744
7.14062 0.377272

7.14062 0.37727
7.14844 0.377095

7.83594 0.260562
7.83992 0.257812

7.14844 0.377097
7.15625 0.376913

5.67969 0.384827
5.6875 0.384819

7.15625 0.376911
7.16406 0.37672

7.16406 0.376722
7.17188 0.376522

5.6875 0.384819
5.69531 0.384811

7.17188 0.37652
7.17969 0.376312

7.82812 0.265706
7.82825 0.265625

7.17969 0.376314
7.1875 0.376097

5.69531 0.384812
5.70312 0.384804

7.1875 0.376094
7.19531 0.375868

7.19531 0.375871
7.20312 0.375636

7.20312 0.375634
7.21094 0.375389

7.21094 0.375393
7.21875 0.375134

7.84375 0.255198
7.85095 0.25

5.70312 0.384803
5.71094 0.384796

5.71094 0.384796
5.71875 0.384789

5.71875 0.384789
5.72656 0.384782

5.72656 0.384783
5.73438 0.384776

7.21875 0.375134
7.22247 0.375

5.73438 0.384775
5.74219 0.384768

5.74219 0.384769
5.75 0.384762

5.75 0.384762
5.75781 0.384755

5.75781 0.384756
5.76562 0.384749

5.76562 0.384748
5.77344 0.384742

5.77344 0.384742
5.78125 0.384736

5.78125 0.384735
5.78906 0.384729

5.78906 0.384729
5.79688 0.384723

5.79688 0.384722
5.80469 0.384715

5.80469 0.384716
5.8125 0.384709

5.8125 0.384709
5.82031 0.384702

5.82031 0.384703
5.82812 0.384696

5.82812 0.384695
5.83594 0.384688

5.83594 0.384689
5.84375 0.384682

5.84375 0.384681
5.85156 0.384675

5.85156 0.384675
5.85938 0.384668

5.85938 0.384667
5.86719 0.38466

5.86719 0.384661
5.875 0.384654

5.875 0.384653
5.88281 0.384646

5.88281 0.384646
5.89062 0.384639

5.89062 0.384638
5.89844 0.38463

5.89844 0.384631
5.90625 0.384624

5.90625 0.384623
5.91406 0.384615

5.91406 0.384616
5.92188 0.384608

5.92188 0.384607
5.92969 0.384599

