3.75 0.344716
3.75781 0.344731

3.75781 0.344735
3.76562 0.344748

3.76562 0.344745
3.77344 0.344758

3.77344 0.344761
3.78125 0.344773

3.78125 0.34477
3.78906 0.344781

3.78906 0.344784
3.79688 0.344795

3.79688 0.344791
3.80469 0.3448

3.80469 0.344804
3.8125 0.344812

3.8125 0.344808
3.82031 0.344815

3.82031 0.344819
3.82812 0.344825

3.82812 0.344821
3.83594 0.344827

3.83594 0.34483
3.84375 0.344834

3.84375 0.344831
3.85156 0.344834

3.85156 0.344837
3.85938 0.344839

3.85938 0.344836
3.86719 0.344836

3.86719 0.34484
3.875 0.34484

3.875 0.344836
3.88281 0.344835

3.88281 0.344839
3.89062 0.344836

3.89062 0.344833
3.89844 0.34483

3.89844 0.344833
3.90625 0.344829

3.90625 0.344825
3.91406 0.34482

3.91406 0.344823
3.92188 0.344817

3.92188 0.344813
3.92969 0.344806

3.92969 0.34481
3.9375 0.344801

3.9375 0.344798
3.94531 0.344788

3.94531 0.344792
3.95312 0.344781

3.95312 0.344778
3.96094 0.344766

3.96094 0.34477
3.96875 0.344757

3.96875 0.344754
3.97656 0.34474

3.97656 0.344744
3.98438 0.344729

3.98438 0.344726
3.99219 0.34471

3.99219 0.344714
4 0.344698

4 0.344694
4.00781 0.344677

4.00781 0.34468
4.01562 0.344662

4.01562 0.344659
4.02344 0.34464

4.02344 0.344643
4.03125 0.344623

4.03125 0.34462
4.03906 0.344599

4.03906 0.344603
4.04688 0.344581

4.04688 0.344577
4.05469 0.344555

4.05469 0.344559
4.0625 0.344535

4.0625 0.344532
4.07031 0.344508

4.07031 0.344512
4.07812 0.344487

4.07812 0.344483
4.08594 0.344458

4.08594 0.344462
4.09375 0.344436

4.09375 0.344432
4.10156 0.344406

4.10156 0.34441
4.10938 0.344383

4.10938 0.344379
4.11719 0.344352

4.11719 0.344355
4.125 0.344328

4.125 0.344324
4.13281 0.344296

4.13281 0.344299
4.14062 0.344271

4.14062 0.344267
4.14844 0.344239

4.14844 0.344242
4.15625 0.344214

4.15625 0.34421
4.16406 0.344181

4.16406 0.344185
4.17188 0.344156

4.17188 0.344152
4.17969 0.344123

4.17969 0.344127
4.1875 0.344097

4.1875 0.344093
4.19531 0.344062

4.19531 0.344066
4.20312 0.344036

4.20312 0.344032
4.21094 0.344004

4.21094 0.344008
4.21875 0.343981

4.21875 0.343978
4.22656 0.34395

4.22656 0.343957
4.23438 0.34392

4.23438 0.343917
4.24219 0.343867

4.24219 0.343863
4.25 0.343812

4.26562 0.343745
4.26493 0.34375

4.26562 0.343738
4.27344 0.343662

4.27344 0.343671
4.28125 0.343577

4.25 0.343807
4.25781 0.343776

4.25781 0.343799
4.26562 0.343753

4.28125 0.343568
4.28906 0.343453

4.28906 0.34346
4.29688 0.343329

4.29688 0.343322
4.30469 0.343176

4.30469 0.343181
4.3125 0.343023

4.3125 0.343018
4.32031 0.342849

4.32031 0.342853
4.32812 0.342675

4.32812 0.34267
4.33594 0.342482

4.33594 0.342486
4.34375 0.34229

4.34375 0.342286
4.35156 0.342083

4.35156 0.342086
4.35938 0.341877

4.35938 0.341874
4.36719 0.34166

4.36719 0.341662
4.375 0.341443

4.375 0.34144
4.38281 0.341216

4.38281 0.341219
4.39062 0.340991

4.39062 0.340989
4.39844 0.340757

4.39844 0.340759
4.40625 0.340524

4.40625 0.340522
4.41406 0.340284

4.41406 0.340285
4.42188 0.340043

4.42188 0.340042
4.42969 0.339796

4.42969 0.339798
4.4375 0.339548

4.4375 0.339547
4.44531 0.339293

4.44531 0.339294
4.45312 0.339035

4.45312 0.339034
4.46094 0.338768

4.46094 0.33877
4.46875 0.338498

4.46875 0.338497
4.47656 0.338218

4.47656 0.338219
4.48438 0.337931

4.48438 0.337931
4.49219 0.337633

4.49219 0.337634
4.5 0.337325

4.5 0.337324
4.50781 0.337002

4.50781 0.337003
4.51562 0.336667

4.51562 0.336665
4.52344 0.336317

4.52344 0.336318
4.53125 0.33596

4.53906 0.335588
4.5318 0.335938

4.53125 0.335964
4.53181 0.335938

4.53906 0.335589
4.54688 0.335184

4.54688 0.335183
4.55469 0.334749

4.55469 0.334748
4.5625 0.334288

4.5625 0.334286
4.57031 0.333804

4.57031 0.333803
4.57812 0.333302

4.57812 0.333301
4.58594 0.332782

4.58594 0.332783
4.59375 0.332246

4.59375 0.332243
4.60156 0.331691

4.60156 0.331694
4.60938 0.331128

4.60938 0.331129
4.61719 0.330545

4.61719 0.330548
4.625 0.329939

4.625 0.329934
4.63281 0.329304

4.63281 0.32931
4.64062 0.328659

4.64844 0.327998
4.64696 0.328125

4.64844 0.328
4.65625 0.327295

4.64062 0.328646
4.64672 0.328125

4.65625 0.32729
4.66406 0.326524

4.66406 0.326524
4.67188 0.325705

4.67188 0.325701
4.67969 0.324838

4.67969 0.32484
4.6875 0.323935

4.6875 0.323937
4.69531 0.32298

4.69531 0.322982
4.70312 0.321967

4.70312 0.321963
4.71094 0.320895

4.71875 0.319789
4.71508 0.320312

4.71094 0.320887
4.71496 0.320312

4.71875 0.319784
4.72656 0.318612

4.72656 0.31861
4.73438 0.317377

4.73438 0.317375
4.74219 0.316091

4.74219 0.316094
4.75 0.314756

4.96094 0.247166
4.9558 0.25

4.96094 0.24715
4.96875 0.24264

4.98438 0.233061
4.98231 0.234375

4.97656 0.23792
4.96951 0.242188

4.96875 0.242624
4.96949 0.242188

4.97656 0.23789
4.98207 0.234375

4.98438 0.232961
4.99219 0.227653

5 0.222017
4.99369 0.226562

4.99219 0.227589
4.99366 0.226562

4.76562 0.312022
4.76294 0.3125

4.76562 0.312005
4.77344 0.310552

4.77344 0.310553
4.78125 0.309027

4.78125 0.309026
4.78906 0.30743

4.78906 0.307428
4.79688 0.305769

4.80469 0.304077
4.8019 0.304688

4.79688 0.30575
4.80173 0.304688

4.80469 0.304061
4.8125 0.302295

4.75 0.314739
4.75781 0.313375

4.75781 0.313379
4.76276 0.3125

4.8125 0.302299
4.82031 0.300456

4.82031 0.300458
4.82812 0.298526

4.83594 0.296568
4.83474 0.296875

4.83594 0.296541
4.84375 0.294463

4.82812 0.2985
4.83449 0.296875

4.84375 0.294468
4.85156 0.292246

4.85156 0.29224
4.85938 0.289877

4.86719 0.287395
4.86195 0.289062

4.85938 0.289859
4.86187 0.289062

4.86719 0.287388
4.875 0.284774

4.89062 0.279293
4.88515 0.28125

4.89062 0.279289
4.89844 0.276346

4.90625 0.273338
4.906 0.273438

4.89844 0.27633
4.90576 0.273438

4.875 0.284753
4.88281 0.282052

4.88281 0.282051
4.88505 0.28125

4.90625 0.273254
4.91406 0.270036

4.91406 0.270031
4.92188 0.266682

4.92969 0.263212
4.92429 0.265625

4.92969 0.263215
4.9375 0.259517

4.92188 0.266664
4.9242 0.265625

4.94531 0.255615
4.94094 0.257812

4.9375 0.259476
4.94081 0.257812

4.94531 0.25558
4.95312 0.251456

4.95312 0.251419
4.9557 0.25

3.10255 0
3.10258 0.0078125

3.10258 0.0078125
3.10268 0.015625

3.10268 0.015625
3.10286 0.0234375

3.10285 0.0234375
3.1031 0.03125

3.1031 0.03125
3.10342 0.0390625

3.10342 0.0390625
3.10382 0.046875

3.10382 0.046875
3.1043 0.0546875

3.1043 0.0546875
3.10487 0.0625

5.11936 0
5.11924 0.0078125

5.11923 0.0078125
5.11886 0.015625

3.10487 0.0625
3.10554 0.0703125

3.10554 0.0703125
3.10631 0.078125

5.11886 0.015625
5.11825 0.0234375

5.11824 0.0234375
5.11741 0.03125

5.11719 0.0329841
5.11637 0.0390625

5.11638 0.0390625
5.11508 0.046875

5.11719 0.0329639
5.11742 0.03125

5.11509 0.046875
5.11353 0.0546875

5.11353 0.0546875
5.11171 0.0625

5.09375 0.111906
5.09116 0.117188

5.09116 0.117188
5.08703 0.125

3.10631 0.078125
3.10718 0.0859375

3.10718 0.0859375
3.10816 0.09375

3.10816 0.09375
3.10925 0.101562

3.10925 0.101562
3.10938 0.102335

3.10938 0.102357
3.11048 0.109375

3.11046 0.109375
3.11188 0.117188

3.11189 0.117188
3.11349 0.125

3.1135 0.125
3.11526 0.132812

3.11525 0.132812
3.11714 0.140625

3.11711 0.140625
3.11719 0.140917

3.11719 0.140844
3.1192 0.148438

3.1192 0.148438
3.12148 0.15625

3.12147 0.15625
3.12396 0.164062

3.12395 0.164062
3.125 0.167068

3.125 0.167011
3.1267 0.171875

3.12669 0.171875
3.12968 0.179688

3.12967 0.179688
3.13281 0.187228

3.13281 0.187238
3.13292 0.1875

3.13291 0.1875
3.13647 0.195312

3.13645 0.195312
3.1404 0.203125

3.1403 0.203125
3.14062 0.203711

3.14062 0.203505
3.1448 0.210938

3.1448 0.210938
3.14844 0.216837

3.14844 0.216814
3.14963 0.21875

3.14959 0.21875
3.15487 0.226562

3.15483 0.226562
3.15625 0.228561

3.15625 0.228376
3.16069 0.234375

3.16064 0.234375
3.16406 0.238706

3.16406 0.238584
3.16698 0.242188

3.16697 0.242188
3.17188 0.247743

3.17188 0.247649
3.17406 0.25

5.10938 0.0712672
5.10735 0.078125

5.10736 0.078125
5.10472 0.0859375

3.17399 0.25
3.17969 0.255751

3.17969 0.255684
3.18194 0.257812

5.1047 0.0859375
5.10174 0.09375

5.1117 0.0625
5.10964 0.0703125

3.18185 0.257812
3.1875 0.262878

3.1875 0.262802
3.1909 0.265625

3.19071 0.265625
3.19531 0.269348

3.19531 0.269281
3.20084 0.273438

5.10938 0.0712421
5.10965 0.0703125

5.10156 0.0941868
5.09851 0.101562

5.09852 0.101562
5.09499 0.109375

3.20056 0.273438
3.20312 0.275284

3.20312 0.275176
3.21094 0.280556

5.10156 0.0941738
5.10174 0.09375

5.09375 0.111842
5.09496 0.109375

3.21094 0.28055
3.21206 0.28125

3.212 0.28125
3.21875 0.285491

5.04688 0.180329
5.04003 0.1875

5.05469 0.171684
5.05452 0.171875

3.21875 0.285421
3.22512 0.289062

3.22483 0.289062
3.22656 0.290049

5.0625 0.162048
5.06094 0.164062

5.05469 0.171536
5.06089 0.164062

5.0544 0.171875
5.04745 0.179688

5.04688 0.180294
5.04743 0.179688

3.22656 0.289895
3.23438 0.294029

3.23438 0.293999
3.24023 0.296875

3.23995 0.296875
3.24219 0.297977

3.24219 0.297891
3.25 0.301391

5.00781 0.216155
5.00437 0.21875

3.25 0.301359
3.25781 0.304552

3.25781 0.304543
3.25819 0.304688

3.25819 0.304688
3.26562 0.307507

3.26562 0.307504
3.27344 0.310262

5.01562 0.209943
5.01441 0.210938

5.00781 0.21607
5.01417 0.210938

3.27344 0.310271
3.28031 0.3125

3.28018 0.3125
3.28125 0.312846

5.03125 0.196045
5.02346 0.203125

5.01562 0.209774
5.02341 0.203125

5.02344 0.203144
5.02346 0.203125

5 0.221958
5.00425 0.21875

3.28125 0.312782
3.28906 0.315114

3.28906 0.315114
3.29688 0.3173

5.03906 0.188437
5.03199 0.195312

5.03125 0.196005
5.03198 0.195312

5.03906 0.18843
5.03999 0.1875

5.07812 0.140231
5.07789 0.140625

3.29688 0.31729
3.30469 0.31935

3.30469 0.319341
3.30858 0.320312

3.30849 0.320312
3.3125 0.321313

3.3125 0.321306
3.32031 0.323132

5.07031 0.151548
5.06691 0.15625

5.07782 0.140625
5.07258 0.148438

5.07031 0.151516
5.0725 0.148438

5.08594 0.126904
5.08257 0.132812

5.07812 0.140081
5.08259 0.132812

5.08594 0.126848
5.08699 0.125

5.0625 0.16192
5.06688 0.15625

3.32031 0.323135
3.32812 0.324825

3.32812 0.324824
3.33594 0.326374

3.33594 0.326375
3.34375 0.327785

3.34375 0.327777
3.34588 0.328125

3.34584 0.328125
3.35156 0.329059

3.35156 0.329062
3.35938 0.330202

3.35938 0.330178
3.36719 0.331221

3.36719 0.33123
3.375 0.332206

3.375 0.332202
3.38281 0.3331

3.38281 0.333097
3.39062 0.333932

3.39062 0.333929
3.39844 0.334712

3.39844 0.33471
3.40625 0.335449

3.40625 0.335449
3.41175 0.335938

3.41165 0.335938
3.41406 0.336152

3.41406 0.336146
3.42188 0.336789

3.42188 0.336785
3.42969 0.337382

3.42969 0.337383
3.4375 0.337938

3.4375 0.337936
3.44531 0.338452

3.44531 0.338453
3.45312 0.33893

3.45312 0.338927
3.46094 0.33937

3.46094 0.33937
3.46875 0.339782

3.46875 0.339779
3.47656 0.340165

3.47656 0.340166
3.48438 0.340531

3.48438 0.340529
3.49219 0.340876

3.49219 0.340878
3.5 0.341211

3.5 0.341208
3.50781 0.341528

3.50781 0.34153
3.51562 0.341837

3.51562 0.341834
3.52344 0.342127

3.52344 0.34213
3.53125 0.342408

3.53125 0.342405
3.53906 0.342667

3.53906 0.342672
3.54688 0.342916

3.54688 0.342909
3.55469 0.343136

3.55469 0.343135
3.5625 0.34336

3.5625 0.34336
3.57031 0.343587

3.57031 0.343625
3.57627 0.34375

3.57812 0.343741
3.57869 0.34375

3.5787 0.34375
3.58594 0.343861

3.58594 0.343881
3.59375 0.344004

3.59375 0.343999
3.60156 0.344095

3.60156 0.344096
3.60938 0.344172

3.60938 0.344167
3.61719 0.344232

3.61719 0.344237
3.625 0.344294

3.625 0.344289
3.63281 0.344338

3.63281 0.344342
3.64062 0.344385

3.64062 0.344381
3.64844 0.34442

3.64844 0.344423
3.65625 0.344458

3.65625 0.344454
3.66406 0.344485

3.66406 0.344489
3.67188 0.344517

3.67188 0.344513
3.67969 0.34454

3.67969 0.344543
3.6875 0.344568

3.6875 0.344564
3.69531 0.344587

3.69531 0.344591
3.70312 0.344612

3.70312 0.344608
3.71094 0.344629

3.71094 0.344633
3.71875 0.344652

3.71875 0.344648
3.72656 0.344666

3.72656 0.34467
3.73438 0.344688

3.73438 0.344684
3.74219 0.3447

3.74219 0.344704
3.75 0.34472

