6.07812 0.403405
6.08594 0.403403

6.08594 0.403404
6.09375 0.403401

6.09375 0.4034
6.10156 0.403398

6.10156 0.403399
6.10938 0.403396

6.10938 0.403395
6.11719 0.403392

6.11719 0.403393
6.125 0.40339

8.55083 0
8.55073 0.0078125

8.55072 0.0078125
8.55043 0.015625

8.55043 0.015625
8.54995 0.0234375

8.54995 0.0234375
8.54927 0.03125

8.54688 0.049773
8.54608 0.0546875

8.54607 0.0546875
8.5446 0.0625

8.54927 0.03125
8.5484 0.0390625

8.5484 0.0390625
8.54734 0.046875

8.54688 0.0496313
8.54732 0.046875

7.22656 0.400644
7.23438 0.400589

7.23438 0.400589
7.24219 0.400532

7.24219 0.400532
7.25 0.400473

8.53124 0.109375
8.52825 0.117188

8.52826 0.117188
8.525 0.125

5.68248 0
5.68247 0.0078125

5.68247 0.0078125
5.68243 0.015625

5.68243 0.015625
5.68233 0.0234375

5.68234 0.0234375
5.6822 0.03125

5.6822 0.03125
5.682 0.0390625

5.68201 0.0390625
5.68176 0.046875

5.68176 0.046875
5.68147 0.0546875

6.125 0.403389
6.13281 0.403386

5.68147 0.0546875
5.68113 0.0625

7.25 0.400473
7.25781 0.400413

8.5446 0.0625
8.5429 0.0703125

7.25781 0.400413
7.26562 0.400352

6.13281 0.403387
6.14062 0.403384

7.26562 0.400352
7.27344 0.400288

6.14062 0.403383
6.14844 0.40338

5.68113 0.0625
5.68074 0.0703125

8.5429 0.0703125
8.54099 0.078125

5.68073 0.0703125
5.6803 0.078125

5.67969 0.0880567
5.67931 0.09375

7.27344 0.400288
7.28125 0.400223

8.53906 0.0853672
8.53891 0.0859375

7.28125 0.400223
7.28906 0.400155

5.6803 0.078125
5.67983 0.0859375

7.28906 0.400156
7.29688 0.400086

6.14844 0.403381
6.15625 0.403378

7.29688 0.400086
7.30469 0.400014

6.15625 0.403377
6.16406 0.403374

8.5389 0.0859375
8.53656 0.09375

6.16406 0.403375
6.17188 0.403372

5.67969 0.0880091
5.67982 0.0859375

7.30469 0.400014
7.3125 0.399941

8.53906 0.0852737
8.54099 0.078125

7.3125 0.399941
7.32031 0.399865

5.67931 0.09375
5.67876 0.101562

7.32031 0.399865
7.32812 0.399786

5.67876 0.101562
5.67818 0.109375

6.17188 0.403371
6.17969 0.403368

8.53656 0.09375
8.53399 0.101562

6.17969 0.403369
6.1875 0.403366

5.67818 0.109375
5.67756 0.117188

7.32812 0.399787
7.33594 0.399706

8.53125 0.109271
8.53398 0.101562

7.33594 0.399706
7.34375 0.399623

8.51562 0.144575
8.51362 0.148438

5.67756 0.117188
5.67692 0.125

8.51362 0.148438
8.50928 0.15625

6.1875 0.403365
6.19531 0.403362

7.34375 0.399622
7.35156 0.399536

6.19531 0.403362
6.20312 0.403359

8.52344 0.128454
8.52147 0.132812

5.67692 0.125
5.67624 0.132812

8.52148 0.132812
8.51768 0.140625

6.20312 0.403358
6.21094 0.403355

7.35156 0.399534
7.35938 0.399448

8.52344 0.128386
8.52496 0.125

7.35938 0.39945
7.36719 0.399365

5.67624 0.132812
5.67554 0.140625

7.36719 0.399365
7.375 0.399277

5.67554 0.140625
5.67482 0.148438

7.375 0.399276
7.38281 0.399184

6.21094 0.403356
6.21875 0.403352

7.38281 0.399184
7.39062 0.399086

8.51562 0.14449
8.51764 0.140625

7.39062 0.399086
7.39844 0.398982

6.21875 0.403352
6.22656 0.403348

6.22656 0.403349
6.23438 0.403345

6.23438 0.403344
6.24219 0.403341

6.24219 0.403342
6.25 0.403338

7.39844 0.398983
7.40625 0.398874

7.40625 0.398874
7.41406 0.398756

5.67482 0.148438
5.67407 0.15625

7.41406 0.398757
7.42188 0.398629

5.67188 0.178497
5.67176 0.179688

6.25 0.403337
6.25781 0.403333

8.50781 0.158723
8.50462 0.164062

6.25781 0.403334
6.26562 0.40333

6.26562 0.403329
6.27344 0.403324

7.42188 0.398628
7.42969 0.398491

5.67175 0.179688
5.67096 0.1875

7.4375 0.39835
7.43263 0.398438

5.67407 0.15625
5.67331 0.164062

6.27344 0.403325
6.28125 0.403321

8.5 0.171307
8.50459 0.164062

6.28125 0.40332
6.28906 0.403315

6.28906 0.403316
6.29688 0.403311

7.42969 0.398489
7.43256 0.398438

8.50781 0.158673
8.50926 0.15625

7.4375 0.398346
7.44531 0.398209

6.29688 0.40331
6.30469 0.403305

6.30469 0.403306
6.3125 0.403301

5.67331 0.164062
5.67254 0.171875

6.3125 0.4033
6.32031 0.403295

7.44531 0.39821
7.45312 0.398084

7.45312 0.398085
7.46094 0.397967

5.67188 0.17845
5.67253 0.171875

7.46094 0.397967
7.46875 0.397852

6.32031 0.403296
6.32812 0.403291

7.46875 0.397853
7.47656 0.397737

7.47656 0.397737
7.48438 0.397619

6.32812 0.40329
6.33594 0.403284

6.33594 0.403285
6.34375 0.403279

6.34375 0.403279
6.35156 0.403273

6.35156 0.403274
6.35938 0.403268

6.35938 0.403267
6.36719 0.403261

7.48438 0.39762
7.49219 0.397499

5.67096 0.1875
5.67015 0.195312

7.49219 0.397499
7.5 0.397374

7.5 0.397374
7.50781 0.397244

7.50781 0.397244
7.51562 0.397111

6.36719 0.403262
6.375 0.403256

6.375 0.403255
6.38281 0.403249

5.67015 0.195312
5.66934 0.203125

5.66934 0.203125
5.66853 0.210938

5.66853 0.210938
5.66773 0.21875

7.51562 0.397111
7.52344 0.396975

6.38281 0.40325
6.39062 0.403244

7.52344 0.396975
7.53125 0.396835

7.53125 0.396834
7.53906 0.396691

6.39062 0.403243
6.39844 0.403237

6.39844 0.403238
6.40625 0.403231

6.40625 0.40323
6.41406 0.403224

6.41406 0.403225
6.42188 0.403218

6.42188 0.403217
6.42969 0.40321

7.53906 0.396691
7.54688 0.396544

5.66773 0.21875
5.66693 0.226562

7.54688 0.396544
7.55469 0.396395

7.55469 0.396395
7.5625 0.396244

5.66693 0.226562
5.66614 0.234375

5.66614 0.234375
5.66537 0.242188

6.42969 0.403211
6.4375 0.403204

5.66537 0.242188
5.66462 0.25

7.5625 0.396243
7.57031 0.396089

7.57031 0.39609
7.57812 0.395935

7.57812 0.395935
7.58594 0.395777

6.4375 0.403203
6.44531 0.403196

6.44531 0.403197
6.45312 0.403189

6.45312 0.403188
6.46094 0.40318

5.66406 0.256073
5.6639 0.257812

6.46094 0.403181
6.46875 0.403173

7.58594 0.395778
7.59375 0.395616

5.6639 0.257812
5.66321 0.265625

7.59375 0.395616
7.60156 0.395451

6.46875 0.403172
6.47656 0.403164

7.60156 0.395452
7.60938 0.395282

5.66406 0.256041
5.66462 0.25

5.6632 0.265625
5.66254 0.273438

6.47656 0.403165
6.48438 0.403156

5.66254 0.273438
5.66191 0.28125

7.60938 0.395282
7.61719 0.395108

5.66191 0.28125
5.66133 0.289062

6.48438 0.403155
6.49219 0.403146

6.49219 0.403147
6.5 0.403137

7.61719 0.395108
7.625 0.394928

6.5 0.403137
6.50781 0.403127

7.625 0.394927
7.63281 0.39474

5.66132 0.289062
5.66078 0.296875

7.63281 0.394742
7.64062 0.394549

6.50781 0.403128
6.51562 0.403118

7.64062 0.394548
7.64844 0.394345

5.66078 0.296875
5.66028 0.304688

7.64844 0.394345
7.65625 0.394136

6.51562 0.403117
6.52344 0.403107

7.65625 0.394134
7.66406 0.393921

5.66028 0.304688
5.65985 0.3125

7.66406 0.393923
7.67188 0.393706

6.52344 0.403108
6.53125 0.403098

7.67188 0.393705
7.67969 0.393482

7.67969 0.393483
7.6875 0.393252

6.53125 0.403097
6.53906 0.403086

6.53906 0.403087
6.54688 0.403076

6.54688 0.403075
6.55469 0.403064

6.55469 0.403065
6.5625 0.403054

6.5625 0.403053
6.57031 0.403042

7.6875 0.39325
7.69531 0.393015

5.65985 0.3125
5.6595 0.320312

7.69531 0.393017
7.70312 0.392778

6.57031 0.403043
6.57812 0.403032

7.70312 0.392777
7.71094 0.392531

5.65949 0.320312
5.65923 0.328125

7.71094 0.392532
7.71875 0.392276

6.57812 0.403031
6.58594 0.403019

7.71875 0.392273
7.72656 0.392013

7.72656 0.392015
7.73438 0.391755

6.58594 0.40302
6.59375 0.403008

6.59375 0.403007
6.60156 0.402996

6.60156 0.402996
6.60938 0.402984

6.60938 0.402983
6.61719 0.402971

6.61719 0.402972
6.625 0.402959

7.73438 0.391754
7.74219 0.39149

7.74219 0.391493
7.75 0.391221

5.65923 0.328125
5.65908 0.335938

5.65907 0.335938
5.65907 0.34375

5.65906 0.34375
5.65927 0.351562

6.625 0.402958
6.63281 0.402945

6.63281 0.402946
6.64062 0.402932

7.75 0.391216
7.75781 0.39094

5.65926 0.351562
5.65973 0.359375

7.75781 0.390942
7.76562 0.390668

6.64062 0.402932
6.64844 0.402918

7.77344 0.390398
7.76681 0.390625

5.65973 0.359375
5.6605 0.367188

7.77344 0.3904
7.78125 0.390141

6.64844 0.402919
6.65625 0.402904

7.76562 0.390664
7.76676 0.390625

7.78125 0.390144
7.78906 0.389881

6.65625 0.402904
6.66406 0.402889

7.78906 0.389886
7.79688 0.389603

5.66049 0.367188
5.66158 0.375

7.79688 0.389601
7.80469 0.389293

5.66149 0.375
5.66309 0.382812

5.66286 0.382812
5.66406 0.386757

5.66406 0.38564
5.66559 0.390625

6.66406 0.40289
6.67188 0.402875

6.67188 0.402874
6.67969 0.402858

7.80469 0.389295
7.8125 0.388959

5.66405 0.390625
5.66406 0.390663

5.66483 0.390625
5.6693 0.398438

6.67969 0.402859
6.6875 0.402843

7.8125 0.388956
7.82031 0.388595

5.66805 0.398438
5.67188 0.402564

5.67188 0.401486
5.67945 0.40625

5.67969 0.405692
5.68279 0.40625

5.68415 0.40625
5.6875 0.406852

6.6875 0.402842
6.69531 0.402825

6.69531 0.402826
6.70312 0.402809

6.70312 0.402808
6.71094 0.402791

7.82031 0.388596
7.82812 0.388215

5.70312 0.406059
5.70043 0.40625

7.82812 0.388212
7.83594 0.387816

7.83594 0.387817
7.84375 0.387411

5.70312 0.406008
5.71094 0.405277

7.84375 0.387409
7.85156 0.386994

6.71094 0.402792
6.71875 0.402774

7.85156 0.386997
7.85938 0.38657

5.71094 0.405239
5.71875 0.404593

7.85938 0.386568
7.86719 0.386131

6.71875 0.402773
6.72656 0.402755

7.86719 0.386131
7.875 0.385689

5.6875 0.406721
5.69531 0.406775

5.69531 0.406671
5.70126 0.40625

6.72656 0.402756
6.73438 0.402737

6.73438 0.402737
6.74219 0.402718

7.875 0.385688
7.88281 0.385241

6.74219 0.402718
6.75 0.402699

7.88281 0.385242
7.89062 0.384788

7.89062 0.384788
7.89844 0.384327

5.71875 0.404598
5.72656 0.404102

7.89844 0.384328
7.90625 0.383859

6.75 0.402699
6.75781 0.402679

7.90625 0.383858
7.91406 0.38338

7.91406 0.38338
7.92188 0.382898

6.75781 0.40268
6.76562 0.40266

6.76562 0.402659
6.77344 0.40264

6.77344 0.40264
6.78125 0.40262

6.78125 0.40262
6.78906 0.402599

6.78906 0.4026
6.79688 0.402579

7.92969 0.382409
7.9233 0.382812

5.72656 0.404103
5.73438 0.403743

7.92188 0.382902
7.92329 0.382812

6.79688 0.402579
6.80469 0.402558

6.80469 0.402558
6.8125 0.402537

5.73438 0.403747
5.74219 0.403509

6.8125 0.402537
6.82031 0.402515

7.92969 0.382409
7.9375 0.381896

6.82031 0.402516
6.82812 0.402494

7.9375 0.381896
7.94531 0.381362

7.94531 0.381361
7.95312 0.380806

5.74219 0.403517
5.75 0.403378

7.95312 0.380805
7.96094 0.380232

5.75 0.403386
5.75781 0.403316

5.75781 0.403321
5.76562 0.403294

5.76562 0.403297
5.77344 0.403297

6.82812 0.402494
6.83594 0.402472

5.77344 0.403299
5.78125 0.403313

7.96094 0.380232
7.96875 0.379642

5.78125 0.403314
5.78906 0.403333

7.96875 0.379643
7.97656 0.379033

5.78906 0.403335
5.79688 0.403355

6.83594 0.402473
6.84375 0.40245

6.84375 0.40245
6.85156 0.402427

7.97656 0.379033
7.98438 0.3784

6.85156 0.402427
6.85938 0.402404

5.79688 0.403355
5.80469 0.403374

5.80469 0.403375
5.8125 0.403391

5.8125 0.40339
5.82031 0.403404

7.98438 0.378398
7.99219 0.377746

5.82031 0.403404
5.82812 0.403415

6.85938 0.402404
6.86719 0.40238

5.82812 0.403414
5.83594 0.403422

7.99219 0.377747
8 0.377078

5.83594 0.403423
5.84375 0.403429

6.86719 0.402381
6.875 0.402357

6.875 0.402356
6.88281 0.40233

5.84375 0.403428
5.85156 0.403432

5.85156 0.403433
5.85938 0.403436

5.85938 0.403435
5.86719 0.403438

8.03125 0.37436
8.02404 0.375

6.88281 0.402331
6.89062 0.402304

8.03125 0.374361
8.03906 0.373641

8.03906 0.373643
8.04688 0.372889

6.89062 0.402303
6.89844 0.402276

6.89844 0.402277
6.90625 0.40225

6.90625 0.402249
6.91406 0.402222

6.91406 0.402222
6.92188 0.402194

6.92188 0.402194
6.92969 0.402166

8.04688 0.372886
8.05469 0.3721

5.86719 0.403439
5.875 0.40344

8.05469 0.372102
8.0625 0.371285

8.0625 0.371286
8.07031 0.370429

8.07031 0.37043
8.07812 0.369529

6.92969 0.402166
6.9375 0.402137

8.07812 0.369528
8.08594 0.368582

8.08594 0.368579
8.09375 0.367597

6.9375 0.402137
6.94531 0.402108

6.94531 0.402108
6.95312 0.402079

6.95312 0.402078
6.96094 0.402048

6.96094 0.402049
6.96875 0.402019

6.96875 0.402018
6.97656 0.401987

8.10156 0.366588
8.09695 0.367188

5.875 0.403439
5.88281 0.40344

8.09375 0.367593
8.09687 0.367188

6.97656 0.401988
6.98438 0.401957

8.10156 0.366585
8.10938 0.365524

8.10938 0.365525
8.11719 0.364412

6.98438 0.401956
6.99219 0.401925

8.11719 0.364414
8.125 0.363243

8 0.377072
8.00781 0.376396

6.99219 0.401925
7 0.401893

7 0.401893
7.00781 0.40186

7.00781 0.401861
7.01562 0.401828

7.01562 0.401828
7.02344 0.401794

8.00781 0.376398
8.01562 0.375725

5.88281 0.403441
5.89062 0.403441

8.01562 0.375726
8.02344 0.375048

8.02344 0.375053
8.02403 0.375

5.89062 0.40344
5.89844 0.403441

5.89844 0.403441
5.90625 0.403441

7.02344 0.401795
7.03125 0.401761

7.03125 0.40176
7.03906 0.401725

7.03906 0.401726
7.04688 0.40169

7.04688 0.40169
7.05469 0.401654

7.05469 0.401654
7.0625 0.401617

7.0625 0.401617
7.07031 0.401578

8.125 0.363237
8.13281 0.362016

5.90625 0.40344
5.91406 0.40344

8.13281 0.362012
8.14062 0.360758

8.15625 0.358198
8.14916 0.359375

8.14062 0.360753
8.14844 0.359484

7.07031 0.401579
7.07812 0.401539

7.07812 0.401539
7.08594 0.401499

7.08594 0.401499
7.09375 0.401458

7.09375 0.401457
7.10156 0.401415

7.10156 0.401416
7.10938 0.401372

8.14844 0.359493
8.14915 0.359375

5.91406 0.403441
5.92188 0.40344

8.15625 0.358202
8.16406 0.356851

7.10938 0.401372
7.11719 0.401328

8.16406 0.356854
8.17188 0.355435

8.17188 0.355437
8.17969 0.353939

7.11719 0.401329
7.125 0.401284

7.125 0.401284
7.13281 0.401238

5.92188 0.403439
5.92969 0.403438

5.92969 0.403439
5.9375 0.403438

5.9375 0.403437
5.94531 0.403436

8.17969 0.353935
8.1875 0.352362

7.13281 0.401239
7.14062 0.401193

8.19531 0.350728
8.19135 0.351562

8.1875 0.352356
8.19127 0.351562

7.14062 0.401192
7.14844 0.401146

7.14844 0.401146
7.15625 0.401099

7.15625 0.401099
7.16406 0.401052

5.94531 0.403437
5.95312 0.403435

7.16406 0.401052
7.17188 0.401004

8.19531 0.350723
8.20312 0.348989

7.17188 0.401003
7.17969 0.400955

8.20312 0.348989
8.21094 0.347161

7.17969 0.400955
7.1875 0.400906

7.1875 0.400905
7.19531 0.400855

7.19531 0.400855
7.20312 0.400804

7.20312 0.400804
7.21094 0.400752

7.21094 0.400752
7.21875 0.400699

5.95312 0.403434
5.96094 0.403433

7.21875 0.400699
7.22656 0.400644

8.21094 0.347148
8.21875 0.345251

5.96094 0.403434
5.96875 0.403432

5.96875 0.403431
5.97656 0.40343

5.97656 0.403431
5.98438 0.403429

5.98438 0.403428
5.99219 0.403427

5.99219 0.403428
6 0.403426

6 0.403425
6.00781 0.403424

6.00781 0.403425
6.01562 0.403423

6.01562 0.403422
6.02344 0.40342

6.02344 0.403421
6.03125 0.403419

6.03125 0.403418
6.03906 0.403416

6.03906 0.403417
6.04688 0.403415

6.04688 0.403414
6.05469 0.403412

6.05469 0.403413
6.0625 0.403411

8.22656 0.343352
8.22496 0.34375

8.22656 0.343323
8.23438 0.341326

6.0625 0.40341
6.07031 0.403408

6.07031 0.403409
6.07812 0.403406

8.23438 0.341332
8.24219 0.339242

8.24219 0.339235
8.25 0.337055

8.21875 0.345239
8.22475 0.34375

8.42969 0.249065
8.42852 0.25

8.42969 0.248905
8.4375 0.242353

8.5 0.171499
8.49977 0.171875

8.49219 0.182736
8.48873 0.1875

8.49969 0.171875
8.49439 0.179688

8.49219 0.182681
8.49432 0.179688

8.46875 0.21181
8.46233 0.21875

8.45312 0.228047
8.44643 0.234375

8.44531 0.235411
8.43769 0.242188

8.4375 0.242348
8.43769 0.242188

8.44531 0.235382
8.44641 0.234375

8.46094 0.220162
8.45462 0.226562

8.45312 0.227995
8.45459 0.226562

8.46094 0.220153
8.46229 0.21875

8.47656 0.202981
8.47644 0.203125

8.48438 0.193258
8.4828 0.195312

8.47656 0.202825
8.48271 0.195312

8.47631 0.203125
8.46952 0.210938

8.46875 0.211775
8.4695 0.210938

8.48438 0.193084
8.48867 0.1875

8.25781 0.33481
8.25392 0.335938

8.25 0.337041
8.25381 0.335938

8.25781 0.334803
8.26562 0.332445

8.28125 0.32748
8.27927 0.328125

8.26562 0.332439
8.27344 0.32998

8.27344 0.329963
8.27908 0.328125

8.28125 0.327445
8.28906 0.324798

8.28906 0.324799
8.29688 0.322025

8.30469 0.319146
8.30155 0.320312

8.29688 0.322009
8.30144 0.320312

8.30469 0.319129
8.3125 0.316076

8.32812 0.309613
8.32127 0.3125

8.32812 0.309613
8.33594 0.306156

8.34375 0.302553
8.33915 0.304688

8.33594 0.306128
8.33904 0.304688

8.35938 0.294793
8.35528 0.296875

8.34375 0.302537
8.35156 0.298738

8.35156 0.298696
8.35515 0.296875

8.35938 0.294774
8.36719 0.290621

8.375 0.286274
8.37001 0.289062

8.36719 0.290593
8.36993 0.289062

8.3125 0.316055
8.32031 0.312883

8.32031 0.312898
8.32126 0.3125

8.39062 0.276918
8.38357 0.28125

8.39844 0.271935
8.39611 0.273438

8.39062 0.276871
8.39594 0.273438

8.39844 0.271855
8.40625 0.266572

8.375 0.286251
8.38281 0.281688

8.38281 0.281695
8.38356 0.28125

8.41406 0.26103
8.40763 0.265625

8.42188 0.255162
8.41835 0.257812

8.41406 0.260953
8.41824 0.257812

8.40625 0.266556
8.4076 0.265625

8.42188 0.255058
8.42824 0.25

