7.41406 0.409445
7.42188 0.409377

7.42188 0.409376
7.42969 0.409308

8.61719 0.283629
8.62096 0.28125

8.625 0.278755
8.63281 0.273605

6 0.417855
6.00781 0.417815

6.00781 0.417815
6.01562 0.417765

6.01562 0.417762
6.02344 0.417705

6.02344 0.417706
6.03125 0.417644

6.03125 0.417644
6.03906 0.417579

6.03906 0.417581
6.04688 0.417511

7.42969 0.409309
7.4375 0.409239

8.64062 0.268194
8.63308 0.273438

7.4375 0.409238
7.44531 0.409166

8.63281 0.273614
8.63307 0.273438

7.44531 0.409167
7.45312 0.409095

8.64844 0.262493
8.64417 0.265625

7.45312 0.409093
7.46094 0.409019

7.46094 0.409021
7.46875 0.408946

6.04688 0.41751
6.05469 0.417435

7.46875 0.408944
7.47656 0.408868

8.65625 0.256529
8.6546 0.257812

7.47656 0.408869
7.48438 0.408791

5.875 0.0413676
5.87464 0.046875

6.05469 0.417435
6.0625 0.417358

5.87463 0.046875
5.874 0.0546875

6.0625 0.417356
6.07031 0.41728

6.07031 0.41728
6.07812 0.417208

8.64844 0.262437
8.6544 0.257812

7.48438 0.40879
7.49219 0.40871

5.874 0.0546875
5.87326 0.0625

7.49219 0.408712
7.5 0.408629

5.87325 0.0625
5.8724 0.0703125

5.8724 0.0703125
5.87144 0.078125

5.87144 0.078125
5.87037 0.0859375

7.5 0.408628
7.50781 0.408543

7.50781 0.408544
7.51562 0.408457

6.07812 0.417207
6.08594 0.417141

7.51562 0.408456
7.52344 0.408367

8.64062 0.268118
8.64406 0.265625

7.52344 0.408368
7.53125 0.408277

5.87037 0.0859375
5.86919 0.09375

7.53125 0.408275
7.53906 0.408181

8.65625 0.256395
8.66406 0.250014

7.53906 0.408183
7.54688 0.408085

8.66406 0.250036
8.66411 0.25

8.78125 0.0379798
8.78113 0.0390625

8.78112 0.0390625
8.78007 0.046875

8.78007 0.046875
8.77882 0.0546875

8.77882 0.0546875
8.77735 0.0625

8.78347 0
8.78337 0.0078125

8.78337 0.0078125
8.78308 0.015625

8.78308 0.015625
8.78262 0.0234375

8.78262 0.0234375
8.78197 0.03125

8.78125 0.0378969
8.78197 0.03125

8.77735 0.0625
8.77569 0.0703125

8.77569 0.0703125
8.77383 0.078125

8.77344 0.0796458
8.77177 0.0859375

8.77177 0.0859375
8.76948 0.09375

8.77344 0.0796072
8.77383 0.078125

8.76562 0.105515
8.76429 0.109375

6.08594 0.417142
6.09375 0.417081

8.76431 0.109375
8.76135 0.117188

6.09375 0.417081
6.10156 0.417022

7.54688 0.408083
7.55469 0.407983

7.55469 0.407984
7.5625 0.407881

7.5625 0.407879
7.57031 0.407773

7.57031 0.407775
7.57812 0.407666

6.10156 0.417024
6.10938 0.416964

6.10938 0.416964
6.11719 0.4169

6.11719 0.416901
6.125 0.416828

7.57812 0.407665
7.58594 0.407555

5.86719 0.105752
5.86655 0.109375

7.58594 0.407557
7.59375 0.407444

6.125 0.416828
6.13281 0.416746

6.13281 0.416746
6.14062 0.416658

5.86919 0.09375
5.86792 0.101562

6.14062 0.416656
6.14844 0.416564

7.59375 0.407442
7.60156 0.407326

5.86719 0.105655
5.8679 0.101562

8.76133 0.117188
8.75809 0.125

7.60156 0.407327
7.60938 0.407206

8.76948 0.09375
8.76698 0.101562

8.76562 0.105442
8.76697 0.101562

6.14844 0.416565
6.15625 0.41647

8.75781 0.125645
8.75463 0.132812

5.86655 0.109375
5.86509 0.117188

7.60938 0.407203
7.61719 0.407078

6.15625 0.416469
6.16406 0.416373

7.61719 0.407079
7.625 0.40695

6.16406 0.416373
6.17188 0.416278

5.86509 0.117188
5.86353 0.125

8.75463 0.132812
8.7509 0.140625

5.85938 0.14393
5.85835 0.148438

8.75781 0.125623
8.75809 0.125

7.625 0.406949
7.63281 0.406817

8.75 0.142362
8.75088 0.140625

7.63281 0.406819
7.64062 0.406683

6.17188 0.416275
6.17969 0.416188

7.64062 0.406682
7.64844 0.406541

7.64844 0.406544
7.65625 0.406397

6.17969 0.416186
6.1875 0.416117

7.66406 0.406238
7.66347 0.40625

7.66406 0.406235
7.67188 0.406083

6.1875 0.416114
6.19531 0.416072

6.19531 0.416073
6.20312 0.416062

5.85835 0.148438
5.85652 0.15625

6.20312 0.416065
6.21094 0.416078

7.67188 0.406084
7.67969 0.405945

5.86353 0.125
5.86187 0.132812

5.86186 0.132812
5.86012 0.140625

6.21094 0.416083
6.21875 0.416102

5.85938 0.143811
5.8601 0.140625

6.21875 0.416106
6.22656 0.416111

6.22656 0.416113
6.23438 0.416092

7.67969 0.405951
7.6875 0.405812

7.65625 0.406396
7.66357 0.40625

5.85651 0.15625
5.85463 0.164062

7.6875 0.405808
7.69531 0.405665

6.23438 0.41609
6.24219 0.416042

7.69531 0.405668
7.70312 0.405525

7.70312 0.405523
7.71094 0.40538

6.24219 0.41604
6.25 0.415971

7.71094 0.405382
7.71875 0.405239

6.25 0.415967
6.25781 0.415888

7.71875 0.405237
7.72656 0.405092

7.72656 0.405094
7.73438 0.404947

6.25781 0.415885
6.26562 0.415813

7.73438 0.404945
7.74219 0.404794

7.74219 0.404796
7.75 0.404642

6.26562 0.415811
6.27344 0.415757

6.27344 0.415761
6.28125 0.415722

6.28125 0.415723
6.28906 0.415688

5.85462 0.164062
5.8527 0.171875

6.28906 0.415688
6.29688 0.415651

7.75 0.40464
7.75781 0.404482

6.29688 0.41565
6.30469 0.415612

6.30469 0.415613
6.3125 0.415574

6.3125 0.415574
6.32031 0.415533

6.32031 0.415534
6.32812 0.415487

5.85156 0.176568
5.8508 0.179688

6.32812 0.415486
6.33594 0.415434

7.75781 0.404484
7.76562 0.404322

6.33594 0.415434
6.34375 0.41538

6.34375 0.415378
6.35156 0.415325

6.35156 0.415326
6.35938 0.415277

6.35938 0.415276
6.36719 0.415231

5.8508 0.179688
5.84892 0.1875

6.36719 0.415232
6.375 0.415191

7.76562 0.40432
7.77344 0.404154

6.375 0.41519
6.38281 0.415151

6.38281 0.415151
6.39062 0.415113

6.39062 0.415112
6.39844 0.415076

6.39844 0.415077
6.40625 0.415042

5.85156 0.176421
5.85267 0.171875

6.40625 0.415041
6.41406 0.415008

7.77344 0.404156
7.78125 0.403986

6.41406 0.415008
6.42188 0.414976

6.42188 0.414975
6.42969 0.414944

6.42969 0.414944
6.4375 0.414914

6.4375 0.414913
6.44531 0.414883

6.44531 0.414884
6.45312 0.414854

6.45312 0.414853
6.46094 0.414824

6.46094 0.414825
6.46875 0.414796

5.84375 0.208898
5.84327 0.210938

6.46875 0.414795
6.47656 0.414767

7.78125 0.403985
7.78906 0.403811

6.47656 0.414767
6.48438 0.414739

6.48438 0.414738
6.49219 0.414709

6.49219 0.41471
6.5 0.414682

6.5 0.414681
6.50781 0.414652

6.50781 0.414653
6.51562 0.414624

7.78906 0.403813
7.79688 0.403636

7.79688 0.403635
7.80469 0.403455

5.84326 0.210938
5.84151 0.21875

7.80469 0.403456
7.8125 0.403273

6.51562 0.414623
6.52344 0.414594

5.84151 0.21875
5.83982 0.226562

5.83981 0.226562
5.83818 0.234375

7.8125 0.403271
7.82031 0.403085

5.83594 0.246007
5.83522 0.25

6.52344 0.414595
6.53125 0.414566

5.83816 0.234375
5.83662 0.242188

7.82031 0.403086
7.82812 0.402896

6.53125 0.414565
6.53906 0.414536

5.83594 0.245893
5.8366 0.242188

6.53906 0.414536
6.54688 0.414506

7.82812 0.402895
7.83594 0.4027

6.54688 0.414506
6.55469 0.414475

5.84891 0.1875
5.84701 0.195312

5.84701 0.195312
5.84511 0.203125

7.83594 0.402702
7.84375 0.402501

6.55469 0.414476
6.5625 0.414445

7.84375 0.402502
7.85156 0.402293

7.85156 0.402292
7.85938 0.402074

7.85938 0.402073
7.86719 0.401849

7.86719 0.40185
7.875 0.401622

5.84375 0.208744
5.84507 0.203125

7.875 0.401621
7.88281 0.401389

7.88281 0.401388
7.89062 0.401153

5.87627 0
5.87623 0.0078125

7.89062 0.401153
7.89844 0.400914

6.5625 0.414444
6.57031 0.414413

7.89844 0.400915
7.90625 0.40067

5.87623 0.0078125
5.8761 0.015625

7.90625 0.40067
7.91406 0.400418

6.57031 0.414414
6.57812 0.414381

7.91406 0.400419
7.92188 0.40016

7.92188 0.400159
7.92969 0.399892

7.92969 0.399893
7.9375 0.399619

7.9375 0.399618
7.94531 0.399336

5.87609 0.015625
5.87587 0.0234375

7.94531 0.399336
7.95312 0.399046

6.57812 0.414381
6.58594 0.414348

7.95312 0.399045
7.96094 0.398747

7.96094 0.398747
7.96875 0.398443

6.58594 0.414348
6.59375 0.414315

6.59375 0.414314
6.60156 0.41428

5.87587 0.0234375
5.87555 0.03125

6.60156 0.41428
6.60938 0.414245

7.97656 0.398133
7.9689 0.398438

6.60938 0.414244
6.61719 0.414208

5.87555 0.03125
5.87513 0.0390625

6.61719 0.414209
6.625 0.414172

6.625 0.414171
6.63281 0.414133

5.875 0.0407421
5.87511 0.0390625

6.63281 0.414133
6.64062 0.414095

7.96875 0.398443
7.96889 0.398438

7.97656 0.398131
7.98438 0.397815

6.64844 0.414058
6.64743 0.414062

6.64062 0.414094
6.6472 0.414062

5.83523 0.25
5.83396 0.257812

6.64844 0.414057
6.65625 0.41402

6.65625 0.41402
6.66406 0.413984

5.83396 0.257812
5.8328 0.265625

6.66406 0.413984
6.67188 0.413949

7.98438 0.397816
7.99219 0.397497

6.67188 0.413949
6.67969 0.413914

6.67969 0.413914
6.6875 0.41388

7.99219 0.397497
8 0.397174

6.6875 0.41388
6.69531 0.413846

6.69531 0.413846
6.70312 0.413811

5.8328 0.265625
5.83177 0.273438

6.70312 0.413812
6.71094 0.413777

8 0.397174
8.00781 0.396847

5.83176 0.273438
5.83088 0.28125

5.83088 0.28125
5.83017 0.289062

6.71094 0.413777
6.71875 0.413743

5.83018 0.289062
5.82966 0.296875

8.00781 0.396848
8.01562 0.396516

5.82966 0.296875
5.82931 0.304688

8.01562 0.396516
8.02344 0.396178

8.02344 0.396179
8.03125 0.395833

5.82931 0.304688
5.82911 0.3125

8.03125 0.395832
8.03906 0.395478

6.71875 0.413743
6.72656 0.413709

8.03906 0.395479
8.04688 0.395117

5.82911 0.3125
5.82905 0.320312

5.82905 0.320312
5.82913 0.328125

6.72656 0.413709
6.73438 0.413674

8.04688 0.395118
8.05469 0.394744

6.73438 0.413674
6.74219 0.41364

6.74219 0.41364
6.75 0.413605

8.05469 0.394743
8.0625 0.394354

8.0625 0.394352
8.07031 0.393954

8.07031 0.393956
8.07812 0.393551

6.75 0.413605
6.75781 0.41357

6.75781 0.41357
6.76562 0.413535

5.82913 0.328125
5.82933 0.335938

6.76562 0.413535
6.77344 0.4135

8.07812 0.39355
8.08594 0.393136

6.77344 0.4135
6.78125 0.413464

6.78125 0.413465
6.78906 0.413429

8.08594 0.393137
8.09375 0.392714

6.78906 0.413429
6.79688 0.413393

6.79688 0.413393
6.80469 0.413357

6.80469 0.413357
6.8125 0.413321

6.8125 0.413321
6.82031 0.413285

5.82934 0.335938
5.82967 0.34375

6.82031 0.413285
6.82812 0.413248

8.09375 0.392711
8.10156 0.392281

6.82812 0.413248
6.83594 0.413211

6.83594 0.413211
6.84375 0.413173

6.84375 0.413173
6.85156 0.413135

6.85156 0.413135
6.85938 0.413097

5.82967 0.34375
5.83011 0.351562

6.85938 0.413097
6.86719 0.413058

8.10156 0.392283
8.10938 0.391849

6.86719 0.413058
6.875 0.413019

6.875 0.413019
6.88281 0.412979

8.10938 0.391845
8.11719 0.391411

8.11719 0.391414
8.125 0.390984

5.8301 0.351562
5.83067 0.359375

5.83066 0.359375
5.83141 0.367188

8.13281 0.390556
8.13158 0.390625

8.13281 0.390552
8.14062 0.390096

5.83143 0.367188
5.83237 0.375

8.125 0.390986
8.13145 0.390625

6.88281 0.412979
6.89062 0.412939

8.14062 0.390094
8.14844 0.389617

5.83243 0.375
5.83338 0.382812

8.14844 0.38962
8.15625 0.389117

6.89062 0.412939
6.89844 0.412899

5.83331 0.382812
5.83429 0.390625

5.834 0.390625
5.83573 0.398438

8.15625 0.389117
8.16406 0.388583

5.83553 0.398438
5.83594 0.400119

6.89844 0.412899
6.90625 0.412858

6.90625 0.412858
6.91406 0.412817

8.16406 0.388584
8.17188 0.388018

6.91406 0.412817
6.92188 0.412776

5.83594 0.397769
5.83609 0.398438

6.92188 0.412776
6.92969 0.412734

8.17188 0.388016
8.17969 0.38742

6.92969 0.412734
6.9375 0.412692

5.83637 0.398438
5.83825 0.40625

5.83552 0.40625
5.83594 0.408456

8.17969 0.387422
8.1875 0.386798

5.83544 0.414062
5.83594 0.415219

6.9375 0.412692
6.94531 0.41265

6.94531 0.41265
6.95312 0.412607

5.83782 0.40625
5.83958 0.414062

6.95312 0.412607
6.96094 0.412564

8.1875 0.386796
8.19531 0.386144

6.96094 0.412564
6.96875 0.41252

5.83706 0.414062
5.8435 0.421875

6.96875 0.41252
6.97656 0.412477

6.97656 0.412477
6.98438 0.412433

5.84375 0.419863
5.84797 0.421875

6.98438 0.412432
6.99219 0.412388

8.19531 0.386143
8.20312 0.385468

5.85938 0.421837
5.85379 0.421875

8.20312 0.385466
8.21094 0.384775

8.21094 0.384775
8.21875 0.384072

5.85014 0.421875
5.85156 0.422301

8.21875 0.384069
8.22656 0.383361

6.99219 0.412388
7 0.412344

8.23438 0.382664
8.23274 0.382812

7 0.412344
7.00781 0.412299

8.22656 0.383359
8.23258 0.382812

8.23438 0.382658
8.24219 0.381936

8.24219 0.381936
8.25 0.381189

5.85156 0.42226
5.85938 0.422207

5.85938 0.421795
5.86719 0.420731

5.86719 0.420569
5.875 0.419616

7.00781 0.412299
7.01562 0.412254

7.01562 0.412254
7.02344 0.412208

7.02344 0.412208
7.03125 0.412163

5.875 0.419643
5.88281 0.419074

5.88281 0.419106
5.89062 0.418801

5.89062 0.418825
5.89844 0.418673

5.89844 0.418697
5.90625 0.418603

5.90625 0.418618
5.91406 0.418504

7.03125 0.412163
7.03906 0.412116

8.3125 0.37435
8.30688 0.375

5.91406 0.418494
5.92188 0.418349

5.92188 0.418338
5.92969 0.4182

8.3125 0.374352
8.32031 0.373416

8.32031 0.373418
8.32812 0.37244

5.92969 0.418193
5.9375 0.418099

5.9375 0.418117
5.94531 0.418046

5.94531 0.41804
5.95312 0.417968

5.95312 0.417961
5.96094 0.417915

5.96094 0.41792
5.96875 0.417904

7.03906 0.412117
7.04688 0.41207

5.96875 0.417909
5.97656 0.417904

8.32812 0.37244
8.33594 0.371415

5.97656 0.417906
5.98438 0.417898

7.04688 0.41207
7.05469 0.412023

7.05469 0.412023
7.0625 0.411976

8.33594 0.371419
8.34375 0.370339

8.34375 0.370337
8.35156 0.369194

5.98438 0.417898
5.99219 0.417882

8.35156 0.369191
8.35938 0.367996

7.0625 0.411976
7.07031 0.411928

8.36719 0.366769
8.36455 0.367188

8.35938 0.367991
8.36444 0.367188

7.07031 0.411928
7.07812 0.411879

7.07812 0.411879
7.08594 0.41183

5.99219 0.417884
6 0.417856

7.08594 0.41183
7.09375 0.411781

8.36719 0.36676
8.375 0.36547

8.25 0.381189
8.25781 0.380416

7.09375 0.411781
7.10156 0.411731

7.10156 0.411731
7.10938 0.411681

8.25781 0.380416
8.26562 0.379615

8.26562 0.379617
8.27344 0.378783

7.10938 0.41168
7.11719 0.411629

7.11719 0.41163
7.125 0.411579

8.27344 0.378782
8.28125 0.377914

8.28125 0.377906
8.28906 0.377022

7.125 0.411578
7.13281 0.411527

7.13281 0.411527
7.14062 0.411476

7.14062 0.411475
7.14844 0.411423

7.14844 0.411424
7.15625 0.411372

8.28906 0.377023
8.29688 0.376135

8.29688 0.376134
8.30469 0.375244

7.15625 0.411372
7.16406 0.411319

7.16406 0.41132
7.17188 0.411267

8.30469 0.375246
8.30682 0.375

8.375 0.365473
8.38281 0.36412

8.38281 0.364125
8.39062 0.362697

7.17188 0.411267
7.17969 0.411214

7.17969 0.411215
7.1875 0.411162

8.39062 0.362685
8.39844 0.361196

8.39844 0.361188
8.40625 0.359674

7.1875 0.411161
7.19531 0.411108

7.19531 0.411109
7.20312 0.411055

7.20312 0.411054
7.21094 0.411001

7.21094 0.411001
7.21875 0.410947

7.21875 0.410947
7.22656 0.410892

7.22656 0.410893
7.23438 0.410838

7.23438 0.410838
7.24219 0.410783

7.24219 0.410783
7.25 0.410728

8.41406 0.358139
8.40783 0.359375

8.41406 0.35814
8.42188 0.356528

7.25 0.410728
7.25781 0.410672

7.25781 0.410673
7.26562 0.410617

7.26562 0.410617
7.27344 0.410561

7.27344 0.410562
7.28125 0.410505

8.40625 0.359681
8.40779 0.359375

8.42188 0.356532
8.42969 0.354843

7.28125 0.410504
7.28906 0.410447

7.28906 0.410448
7.29688 0.41039

8.42969 0.354841
8.4375 0.353072

8.44531 0.351249
8.44398 0.351562

7.29688 0.410389
7.30469 0.410331

7.30469 0.410331
7.3125 0.410272

8.4375 0.353066
8.44387 0.351562

8.44531 0.351233
8.45312 0.349301

7.3125 0.410271
7.32031 0.410211

7.32031 0.410212
7.32812 0.41015

7.32812 0.410148
7.33594 0.410084

7.33594 0.410085
7.34375 0.410021

8.45312 0.349301
8.46094 0.347268

8.46094 0.347255
8.46875 0.345148

7.34375 0.410021
7.35156 0.409958

7.35156 0.409959
7.35938 0.409896

7.35938 0.409895
7.36719 0.409832

7.36719 0.409833
7.375 0.40977

8.47656 0.343021
8.47392 0.34375

8.47656 0.343001
8.48438 0.340761

8.48438 0.340764
8.49219 0.338415

8.49219 0.338404
8.5 0.33596

7.375 0.409769
7.38281 0.409705

7.38281 0.409706
7.39062 0.409642

7.39062 0.409641
7.39844 0.409576

7.39844 0.409577
7.40625 0.409511

7.40625 0.40951
7.41406 0.409444

8.46875 0.345134
8.47376 0.34375

8.67188 0.243321
8.66411 0.25

8.6875 0.228679
8.68161 0.234375

8.67969 0.236209
8.67313 0.242188

8.67188 0.243282
8.6731 0.242188

8.67969 0.23615
8.68157 0.234375

8.75 0.142414
8.74693 0.148438

8.74693 0.148438
8.74269 0.15625

8.73438 0.170267
8.73338 0.171875

8.72656 0.182046
8.72272 0.1875

8.73334 0.171875
8.72821 0.179688

8.72656 0.182009
8.72815 0.179688

8.74219 0.157133
8.73816 0.164062

8.73438 0.170124
8.73812 0.164062

8.74219 0.157114
8.74268 0.15625

8.70312 0.212001
8.69707 0.21875

8.71094 0.202909
8.71076 0.203125

8.71875 0.192881
8.71694 0.195312

8.71094 0.202753
8.71685 0.195312

8.71065 0.203125
8.70405 0.210938

8.70312 0.211964
8.70402 0.210938

8.69531 0.220586
8.68961 0.226562

8.6875 0.228601
8.68953 0.226562

8.69531 0.220574
8.69702 0.21875

8.71875 0.192712
8.72265 0.1875

8.5625 0.312478
8.56245 0.3125

8.50781 0.33343
8.50011 0.335938

8.5 0.335974
8.50011 0.335938

8.50781 0.333427
8.51562 0.330764

8.52344 0.328057
8.52324 0.328125

8.52344 0.328013
8.53125 0.32516

8.51562 0.330749
8.52307 0.328125

8.53125 0.325161
8.53906 0.322174

8.54688 0.319083
8.54379 0.320312

8.53906 0.322153
8.54367 0.320312

8.54688 0.319062
8.55469 0.315794

8.55469 0.31578
8.56221 0.3125

8.5625 0.312393
8.57031 0.308829

8.57031 0.308819
8.57812 0.305081

8.58594 0.301178
8.57894 0.304688

8.57812 0.305089
8.57893 0.304688

8.58594 0.301163
8.59375 0.297073

8.625 0.278787
8.6211 0.28125

8.60156 0.292825
8.59414 0.296875

8.60938 0.288475
8.60835 0.289062

8.60156 0.292808
8.60813 0.289062

8.59375 0.297081
8.59413 0.296875

8.60938 0.288384
8.61719 0.28369

