4.2501 0.25
4.25413 0.257812

4.21906 0
4.21907 0.0078125

4.21907 0.0078125
4.21908 0.015625

5.5 0.357182
5.50781 0.357141

4.25411 0.257812
4.25781 0.264202

4.25781 0.264173
4.25865 0.265625

4.21908 0.015625
4.21911 0.0234375

4.25861 0.265625
4.26372 0.273438

5.50781 0.357143
5.51562 0.357099

5.51562 0.357097
5.52344 0.357052

4.26366 0.273438
4.26562 0.276225

4.26562 0.275947
4.26952 0.28125

4.21911 0.0234375
4.21917 0.03125

4.26944 0.28125
4.27344 0.286175

5.52344 0.357054
5.53125 0.357007

4.21917 0.03125
4.21926 0.0390625

4.21926 0.0390625
4.21936 0.046875

4.27344 0.286097
4.27595 0.289062

4.21936 0.046875
4.2195 0.0546875

5.53125 0.357005
5.53906 0.356957

4.27588 0.289062
4.28125 0.294756

5.53906 0.356958
5.54688 0.356908

5.54688 0.356906
5.55469 0.356853

5.55469 0.356855
5.5625 0.3568

5.5625 0.356799
5.57031 0.356742

5.57031 0.356744
5.57812 0.356685

4.28125 0.294612
4.2836 0.296875

4.28345 0.296875
4.28906 0.301869

4.28906 0.301745
4.29278 0.304688

4.29253 0.304688
4.29688 0.308043

4.29688 0.307957
4.30337 0.3125

4.21949 0.0546875
4.21966 0.0625

4.30302 0.3125
4.30469 0.3136

5.57812 0.356684
5.58594 0.356623

4.21966 0.0625
4.21987 0.0703125

5.58594 0.356624
5.59375 0.356562

5.59375 0.35656
5.60156 0.356495

4.21986 0.0703125
4.2201 0.078125

4.2201 0.078125
4.22039 0.0859375

4.30469 0.313458
4.3125 0.318251

4.22038 0.0859375
4.22071 0.09375

5.60156 0.356497
5.60938 0.35643

4.22071 0.09375
4.22109 0.101562

4.22109 0.101562
4.22152 0.109375

4.22152 0.109375
4.22201 0.117188

4.222 0.117188
4.22256 0.125

4.22255 0.125
4.22318 0.132812

4.22317 0.132812
4.22388 0.140625

4.22388 0.140625
4.22468 0.148438

5.60938 0.356428
5.61719 0.356358

4.3125 0.318156
4.31652 0.320312

5.61719 0.35636
5.625 0.356288

4.22468 0.148438
4.22559 0.15625

5.625 0.356287
5.63281 0.356213

5.63281 0.356214
5.64062 0.356138

4.22559 0.15625
4.22656 0.163825

4.22656 0.163825
4.22659 0.164062

4.31629 0.320312
4.32031 0.322474

4.22659 0.164062
4.2277 0.171875

5.64062 0.356136
5.64844 0.356057

4.32031 0.322395
4.32812 0.326096

5.64844 0.356058
5.65625 0.355977

5.65625 0.355976
5.66406 0.355892

4.32812 0.326054
4.33311 0.328125

4.33285 0.328125
4.33594 0.329409

4.22769 0.171875
4.22893 0.179688

4.22893 0.179688
4.23033 0.1875

5.66406 0.355893
5.67188 0.355807

4.33594 0.329334
4.34375 0.332151

5.67188 0.355805
5.67969 0.355716

5.67969 0.355718
5.6875 0.355627

4.34375 0.332111
4.35156 0.334596

4.35156 0.33457
4.35631 0.335938

4.23033 0.1875
4.23192 0.195312

4.35617 0.335938
4.35938 0.33686

5.6875 0.355625
5.69531 0.355532

4.23191 0.195312
4.2337 0.203125

5.69531 0.355533
5.70312 0.355437

5.70312 0.355435
5.71094 0.355336

4.23368 0.203125
4.23438 0.2058

5.71094 0.355338
5.71875 0.355236

4.35938 0.33683
4.36719 0.338885

5.71875 0.355235
5.72656 0.355131

5.72656 0.355132
5.73438 0.355025

4.36719 0.338887
4.375 0.340754

4.375 0.340766
4.38281 0.342419

4.38281 0.342407
4.39011 0.34375

4.39016 0.34375
4.39062 0.343842

4.39062 0.343828
4.39844 0.345108

4.23438 0.205734
4.23573 0.210938

4.39844 0.345106
4.40625 0.346264

5.73438 0.355024
5.74219 0.354914

4.23573 0.210938
4.23804 0.21875

5.74219 0.354915
5.75 0.354803

5.75 0.354802
5.75781 0.354687

5.75781 0.354688
5.76562 0.354569

4.40625 0.346264
4.41406 0.347304

5.76562 0.354568
5.77344 0.354447

4.23805 0.21875
4.24061 0.226562

5.77344 0.354448
5.78125 0.354323

5.78125 0.354322
5.78906 0.354194

4.24058 0.226562
4.24219 0.231012

4.24219 0.230945
4.24343 0.234375

4.41406 0.347299
4.42188 0.348231

4.24339 0.234375
4.24655 0.242188

5.78906 0.354195
5.79688 0.354064

4.42188 0.348226
4.42969 0.34907

5.79688 0.354063
5.80469 0.353927

4.24653 0.242188
4.25 0.249772

4.42969 0.349068
4.4375 0.349838

4.4375 0.349835
4.44531 0.35054

4.44531 0.350536
4.45312 0.351189

4.24995 0.25
4.25 0.250107

4.45312 0.351188
4.45796 0.351562

4.25 0.249769
4.2501 0.25

4.45787 0.351562
4.46094 0.3518

4.46094 0.351797
4.46875 0.35235

5.80469 0.353928
5.8125 0.353789

5.8125 0.353788
5.82031 0.353645

4.46875 0.352349
4.47656 0.35285

4.47656 0.352851
4.48438 0.353302

5.82031 0.353646
5.82812 0.353498

5.82812 0.353497
5.83594 0.353345

4.48438 0.3533
4.49219 0.353701

4.49219 0.353701
4.5 0.354056

5.83594 0.353346
5.84375 0.353189

5.84375 0.353188
5.85156 0.353025

4.5 0.354053
4.50781 0.354371

4.50781 0.35437
4.51562 0.354658

5.85156 0.353026
5.85938 0.352858

5.85938 0.352857
5.86719 0.352682

4.51562 0.354655
4.52344 0.354919

4.52344 0.354919
4.53125 0.355165

5.86719 0.352683
5.875 0.352501

5.875 0.352501
5.88281 0.35231

5.88281 0.352311
5.89062 0.352112

4.53125 0.355164
4.53906 0.355394

4.53906 0.355395
4.54688 0.355611

5.89062 0.352111
5.89844 0.351904

5.89844 0.351904
5.90625 0.351693

4.54688 0.355609
4.55469 0.355813

4.55469 0.355814
4.5625 0.356005

5.91406 0.351478
5.91106 0.351562

5.90625 0.351693
5.9109 0.351562

4.5625 0.356004
4.57031 0.356183

4.57031 0.356184
4.57812 0.356351

5.91406 0.351479
5.92188 0.351241

5.92188 0.35124
5.92969 0.350976

4.57812 0.356349
4.58594 0.356505

4.58594 0.356506
4.59375 0.356651

5.92969 0.350975
5.9375 0.350688

5.9375 0.350687
5.94531 0.350379

4.59375 0.356649
4.60156 0.356784

4.60156 0.356786
4.60938 0.35691

5.94531 0.350378
5.95312 0.350053

5.95312 0.350052
5.96094 0.349713

4.60938 0.356908
4.61719 0.357024

4.61719 0.357025
4.625 0.357132

5.96094 0.349712
5.96875 0.349361

5.96875 0.34936
5.97656 0.348999

4.625 0.35713
4.63281 0.357229

4.63281 0.357231
4.64062 0.357322

5.97656 0.349
5.98438 0.348629

5.98438 0.348628
5.99219 0.34825

4.64062 0.357319
4.64844 0.357403

4.64844 0.357405
4.65625 0.357482

5.99219 0.348252
6 0.347864

6 0.347863
6.00781 0.347465

6.00781 0.347467
6.01562 0.347057

4.65625 0.35748
4.66406 0.35755

4.66406 0.357552
4.67188 0.357616

4.67188 0.357613
4.67969 0.357671

4.67969 0.357674
4.6875 0.357727

6.01562 0.347056
6.02344 0.346633

6.02344 0.346636
6.03125 0.346198

4.6875 0.357724
4.69531 0.357772

4.69531 0.357774
4.70312 0.357817

6.03125 0.346196
6.03906 0.34574

6.03906 0.345743
6.04688 0.345269

4.70312 0.357815
4.71094 0.357853

4.71094 0.357856
4.71875 0.35789

6.04688 0.345264
6.05469 0.344774

6.05469 0.344778
6.0625 0.344274

4.71875 0.357888
4.72656 0.357919

4.72656 0.357921
4.73438 0.357949

6.07812 0.343215
6.07044 0.34375

6.07812 0.343213
6.08594 0.342635

4.73438 0.357946
4.74219 0.35797

4.74219 0.357972
4.75 0.357994

6.08594 0.342636
6.09375 0.342025

6.0625 0.34427
6.07031 0.343751

4.75 0.357991
4.75781 0.35801

4.75781 0.358012
4.76562 0.358028

6.07031 0.34376
6.07046 0.34375

6.09375 0.34202
6.10156 0.341383

4.76562 0.358025
4.77344 0.358039

4.77344 0.358041
4.78125 0.358053

6.10156 0.341385
6.10938 0.340726

6.10938 0.340725
6.11719 0.340043

4.78125 0.358051
4.78906 0.358061

4.78906 0.358063
4.79688 0.358071

4.79688 0.358068
4.80469 0.358074

4.80469 0.358077
4.8125 0.358083

6.11719 0.340045
6.125 0.339337

6.125 0.339337
6.13281 0.3386

6.13281 0.338601
6.14062 0.33783

6.14062 0.33783
6.14844 0.337024

6.14844 0.337022
6.15625 0.336186

4.8125 0.35808
4.82031 0.358084

4.82031 0.358087
4.82812 0.358089

6.16406 0.335321
6.15853 0.335938

6.15625 0.336185
6.15847 0.335938

4.82812 0.358086
4.83594 0.358088

4.83594 0.358091
4.84375 0.358092

6.16406 0.335319
6.17188 0.334407

6.17188 0.334406
6.17969 0.333455

4.84375 0.35809
4.85156 0.35809

4.85156 0.358093
4.85938 0.358092

6.17969 0.333455
6.1875 0.332468

6.1875 0.332469
6.19531 0.331444

6.19531 0.331447
6.20312 0.330374

6.20312 0.330366
6.21094 0.329254

6.21094 0.329257
6.21869 0.328125

4.85938 0.358089
4.86719 0.358088

4.86719 0.358091
4.875 0.35809

6.21875 0.328124
6.22656 0.32693

6.22656 0.32693
6.23438 0.325668

4.875 0.358088
4.88281 0.358086

4.88281 0.358089
4.89062 0.358087

6.23438 0.325668
6.24219 0.324337

6.24219 0.324341
6.25 0.322934

4.89062 0.358084
4.89844 0.358081

6.46094 0.247641
6.4571 0.25

6.46094 0.2476
6.46875 0.242561

4.89844 0.358084
4.90625 0.358082

4.90625 0.358079
4.91406 0.358077

6.48438 0.231726
6.48068 0.234375

6.47656 0.237263
6.46931 0.242188

4.91406 0.358079
4.92188 0.358076

4.92188 0.358073
4.92969 0.35807

4.92969 0.358073
4.9375 0.35807

6.46875 0.242551
6.4693 0.242188

6.47656 0.23721
6.48053 0.234375

4.9375 0.358068
4.94531 0.358065

4.94531 0.358068
4.95312 0.358064

4.95312 0.358061
4.96094 0.358058

4.96094 0.358061
4.96875 0.358058

6.49219 0.225923
6.49135 0.226562

6.48438 0.231646
6.49109 0.226562

4.96875 0.358055
4.97656 0.358052

4.97656 0.358055
4.98438 0.358052

6.49219 0.225763
6.5 0.2195

6.30469 0.310903
6.29823 0.3125

6.30469 0.310905
6.3125 0.308875

6.25 0.322933
6.25781 0.321444

6.26562 0.319896
6.26355 0.320312

4.98438 0.358049
4.99219 0.358045

4.99219 0.358048
5 0.358045

6.25781 0.321435
6.26341 0.320312

6.26562 0.319879
6.27344 0.318233

5 0.358043
5.00781 0.358039

5.00781 0.358042
5.01562 0.358039

6.27344 0.318233
6.28125 0.316503

6.28125 0.3165
6.28906 0.314693

5.01562 0.358036
5.02344 0.358032

5.02344 0.358035
5.03125 0.358032

5.03125 0.358029
5.03906 0.358026

5.03906 0.358029
5.04688 0.358025

6.28906 0.314686
6.29688 0.312822

6.29688 0.312824
6.29818 0.3125

5.04688 0.358022
5.05469 0.358019

5.05469 0.358021
5.0625 0.358018

6.3125 0.308874
6.32031 0.306743

6.32812 0.304566
6.3277 0.304688

6.32031 0.306731
6.32753 0.304688

5.0625 0.358016
5.07031 0.358012

5.07031 0.358015
5.07812 0.358011

6.32812 0.304526
6.33594 0.30224

6.33594 0.302241
6.34375 0.299872

5.07812 0.358008
5.08594 0.358004

5.08594 0.358007
5.09375 0.358003

6.35938 0.29494
6.35336 0.296875

6.34375 0.29986
6.35156 0.297427

5.09375 0.358001
5.10156 0.357997

5.10156 0.357999
5.10938 0.357995

5.10938 0.357992
5.11719 0.357988

5.11719 0.35799
5.125 0.357986

6.35156 0.297431
6.35329 0.296875

6.35938 0.294948
6.36719 0.292283

5.125 0.357984
5.13281 0.357979

5.13281 0.357982
5.14062 0.357977

5.14062 0.357974
5.14844 0.357969

5.14844 0.357972
5.15625 0.357967

6.36719 0.292275
6.375 0.289449

6.39844 0.280153
6.3958 0.28125

6.39844 0.280108
6.40625 0.276696

6.38281 0.286474
6.37602 0.289062

6.375 0.289443
6.376 0.289062

5.15625 0.357964
5.16406 0.357959

5.16406 0.357961
5.17188 0.357956

5.17188 0.357953
5.17969 0.357947

5.17969 0.357949
5.1875 0.357943

6.38281 0.286467
6.39062 0.283342

6.39062 0.283303
6.39556 0.28125

5.1875 0.357941
5.19531 0.357935

5.19531 0.357937
5.20312 0.35793

5.20312 0.357927
5.21094 0.35792

5.21094 0.357923
5.21875 0.357915

6.41406 0.27319
6.41352 0.273438

6.40625 0.276679
6.41329 0.273438

5.21875 0.357913
5.22656 0.357905

5.22656 0.357908
5.23438 0.357899

5.23438 0.357897
5.24219 0.357888

5.24219 0.357891
5.25 0.357882

6.41406 0.273088
6.42188 0.269323

6.42969 0.265551
6.42954 0.265625

6.42969 0.265441
6.4375 0.261346

5.25 0.357879
5.25781 0.35787

5.25781 0.357872
5.26562 0.357862

6.42188 0.269305
6.42924 0.265625

6.44531 0.257091
6.44402 0.257812

5.26562 0.35786
5.27344 0.357849

5.27344 0.357852
5.28125 0.357841

6.4375 0.26132
6.4438 0.257812

6.44531 0.256986
6.45312 0.252401

5.28125 0.357838
5.28906 0.357827

5.28906 0.357829
5.29688 0.357817

6.45312 0.252349
6.45694 0.25

6.60737 0
6.60725 0.0078125

6.60725 0.0078125
6.60689 0.015625

5.29688 0.357814
5.30469 0.357802

5.30469 0.357804
5.3125 0.357791

6.60689 0.015625
6.6063 0.0234375

6.6063 0.0234375
6.60547 0.03125

5.3125 0.357789
5.32031 0.357775

5.32031 0.357777
5.32812 0.357762

5.32812 0.35776
5.33594 0.357744

5.33594 0.357746
5.34375 0.35773

6.60547 0.03125
6.60442 0.0390625

6.60442 0.0390625
6.60315 0.046875

5.34375 0.357728
5.35156 0.357711

5.35156 0.357714
5.35938 0.357695

5.35938 0.357693
5.36719 0.357674

5.36719 0.357676
5.375 0.357657

6.60156 0.0551158
6.59995 0.0625

6.60314 0.046875
6.60165 0.0546875

5.375 0.357655
5.38281 0.357634

5.38281 0.357637
5.39062 0.357615

5.39062 0.357612
5.39844 0.35759

5.39844 0.357592
5.40625 0.357568

6.60156 0.0550981
6.60165 0.0546875

6.59375 0.0848634
6.59342 0.0859375

6.5934 0.0859375
6.59073 0.09375

5.40625 0.357566
5.41406 0.357542

5.41406 0.357544
5.42188 0.357518

6.57812 0.123019
6.57715 0.125

6.58594 0.105844
6.58446 0.109375

5.42188 0.357515
5.42969 0.357488

5.42969 0.35749
5.4375 0.357462

6.59073 0.09375
6.58774 0.101562

6.58594 0.105761
6.58769 0.101562

5.4375 0.35746
5.44531 0.35743

5.44531 0.357432
5.45312 0.357401

5.45312 0.357399
5.46094 0.357366

6.58446 0.109375
6.58094 0.117188

6.57812 0.122897
6.58092 0.117188

5.46094 0.357368
5.46875 0.357335

5.46875 0.357333
5.47656 0.357298

5.47656 0.3573
5.48438 0.357263

5.48438 0.35726
5.49219 0.357222

5.49219 0.357224
5.5 0.357184

6.59996 0.0625
6.59801 0.0703125

6.59801 0.0703125
6.59581 0.078125

6.59375 0.0847127
6.59579 0.078125

6.5625 0.150054
6.55838 0.15625

6.53906 0.181248
6.53355 0.1875

6.54688 0.171885
6.54046 0.179688

6.53906 0.181231
6.54039 0.179688

6.55469 0.161486
6.55287 0.164062

6.54688 0.171848
6.55281 0.164062

6.55469 0.161369
6.55834 0.15625

6.50781 0.212847
6.50091 0.21875

6.51562 0.205722
6.50989 0.210938

6.50781 0.21276
6.50986 0.210938

6.52344 0.198141
6.51834 0.203125

6.53125 0.18999
6.52625 0.195312

6.52344 0.198087
6.52617 0.195312

6.51562 0.205654
6.51829 0.203125

6.5 0.219484
6.50088 0.21875

6.53125 0.189956
6.5335 0.1875

6.57031 0.137353
6.56841 0.140625

6.57714 0.125
6.57295 0.132812

6.57031 0.137277
6.5729 0.132812

6.56839 0.140625
6.56355 0.148438

6.5625 0.150021
6.56352 0.148438

