6.34375 0.423297
6.35156 0.423285

6.35156 0.423287
6.35938 0.423275

6.35938 0.423276
6.36719 0.423259

6.36719 0.423261
6.375 0.423232

4.82031 0.270483
4.82812 0.268783

4.83298 0.25
4.83594 0.25778

4.83594 0.258244
4.83139 0.265625

4.82812 0.268222
4.83127 0.265625

2.63281 0.424752
2.62905 0.429688

2.63131 0.429688
2.62879 0.4375

2.63281 0.425461
2.64062 0.424228

8 0.406112
8.00781 0.405881

8.00781 0.405885
8.01562 0.405645

8.01562 0.405641
8.02344 0.405391

8.02344 0.405392
8.03125 0.405137

8.03125 0.405134
8.03906 0.404875

5.96875 0.0125608
5.96859 0.015625

5.96858 0.015625
5.96789 0.0234375

5.96789 0.0234375
5.96693 0.03125

5.96692 0.03125
5.96568 0.0390625

5.96569 0.0390625
5.96418 0.046875

0 0.24122
0.00272349 0.242188

6.375 0.423231
6.38281 0.423188

0.00130241 0.242188
0.0078125 0.249002

0.0078125 0.249431
0.00799373 0.25

4.78125 0.420793
4.78086 0.421875

0.0078125 0.251016
0.00126827 0.257812

4.78091 0.421875
4.78125 0.422867

5.96094 0.060374
5.96038 0.0625

4.78906 0.413531
4.7877 0.414062

4.78125 0.420514
4.78738 0.414062

2.64062 0.422026
2.64646 0.429688

4.78906 0.413612
4.79039 0.414062

4.79178 0.414062
4.79688 0.419394

8.03906 0.404876
8.04688 0.404614

4.78125 0.424051
4.78712 0.429688

4.78826 0.429688
4.78906 0.429947

8.04688 0.404613
8.05469 0.404348

4.79688 0.422897
4.78975 0.429688

0 0.258714
0.00255411 0.257812

4.78906 0.430908
4.79252 0.429688

0.0078125 0.250249
0.00789254 0.25

6.38281 0.423188
6.39062 0.42313

8.05469 0.40435
8.0625 0.404081

6.39062 0.423127
6.39844 0.423059

1.13281 0.279217
1.13223 0.28125

4.79688 0.420895
4.79719 0.421875

1.14062 0.269165
1.13513 0.273438

5.96419 0.046875
5.9624 0.0546875

1.13281 0.279217
1.13573 0.273438

8.0625 0.40408
8.07031 0.403807

2.64254 0.429688
2.64422 0.4375

8.07031 0.403808
8.07812 0.403529

4.79688 0.425277
4.79814 0.421875

1.14062 0.268946
1.14844 0.269091

1.14844 0.26973
1.15322 0.273438

6.39844 0.423059
6.40625 0.422987

5.35938 0.241635
5.35921 0.242188

8.07812 0.403528
8.08594 0.403243

5.35931 0.242188
5.35938 0.242368

8.08594 0.403244
8.09375 0.402952

5.35938 0.240059
5.36719 0.240028

6.40625 0.422985
6.41406 0.422911

2.62903 0.4375
2.63008 0.445312

5.96094 0.0600507
5.96234 0.0546875

1.15351 0.273438
1.15625 0.278496

5.96913 0
5.96899 0.0078125

1.13215 0.28125
1.13281 0.28284

5.96875 0.0124833
5.969 0.0078125

1.13281 0.282931
1.13763 0.289062

5.95312 0.0857172
5.95305 0.0859375

5.35938 0.243997
5.36719 0.244024

6.41406 0.422913
6.42188 0.422838

5.36719 0.241451
5.36741 0.242188

8.09375 0.402952
8.10156 0.402652

1.1379 0.289062
1.14062 0.290768

8.10156 0.402654
8.10938 0.402342

5.95291 0.0859375
5.95006 0.09375

8.10938 0.402341
8.11719 0.402016

6.42188 0.422837
6.42969 0.422759

8.11719 0.402015
8.125 0.40168

1.14062 0.291027
1.14844 0.291176

2.62936 0.445312
2.63281 0.45019

1.15625 0.283247
1.15164 0.289062

5.36719 0.242677
5.36737 0.242188

6.42969 0.42276
6.4375 0.422679

5.42188 0.00954362
5.41907 0.015625

6.4375 0.422676
6.44531 0.422597

5.42061 0.015625
5.42188 0.0184432

6.44531 0.422596
6.45312 0.422524

8.125 0.401679
8.13281 0.401338

6.45312 0.422521
6.46094 0.422462

8.13281 0.401338
8.14062 0.400992

6.46094 0.422463
6.46875 0.422417

5.42969 0.00626737
5.42726 0.0078125

5.96034 0.0625
5.9581 0.0703125

5.42188 0.0108676
5.42462 0.0078125

1.14844 0.291084
1.15168 0.289062

8.14062 0.400992
8.14844 0.40064

1.15625 0.278991
1.15698 0.28125

2.63281 0.452483
2.64062 0.452909

1.15625 0.283194
1.15707 0.28125

5.42969 0.00657164
5.4375 0.00581615

6.46875 0.422419
6.47656 0.42238

5.42188 0.0190231
5.42399 0.0234375

6.47656 0.422383
6.48438 0.422343

2.64426 0.4375
2.64351 0.445312

1.46875 0.389921
1.46852 0.390625

2.64062 0.451404
2.64494 0.445312

1.46861 0.390625
1.46875 0.391022

5.9581 0.0703125
5.95562 0.078125

1.47656 0.382556
1.4758 0.382812

5.42538 0.0234375
5.42969 0.0284454

6.48438 0.422343
6.49219 0.422295

5.42969 0.028418
5.43237 0.03125

6.49219 0.422295
6.5 0.422237

5.43216 0.03125
5.4375 0.0365663

1.46875 0.389962
1.47566 0.382812

6.5 0.422235
6.50781 0.422172

6.50781 0.422171
6.51562 0.422111

5.95312 0.0852729
5.95558 0.078125

6.51562 0.422107
6.52344 0.42206

5.94531 0.106032
5.94399 0.109375

8.14844 0.400641
8.15625 0.400284

1.47656 0.382459
1.47763 0.382812

3.21094 0.312951
3.20419 0.320312

5.4375 0.00618049
5.44458 0.0078125

6.52344 0.42206
6.53125 0.422035

5.95006 0.09375
5.94706 0.101562

8.15625 0.400284
8.16406 0.399921

1.47743 0.382812
1.48438 0.389862

3.20541 0.320312
3.21094 0.326776

5.44355 0.0078125
5.44531 0.00803593

3.21094 0.314359
3.21795 0.320312

5.94531 0.105747
5.94697 0.101562

8.16406 0.399921
8.17188 0.399549

1.46875 0.391261
1.47602 0.398438

8.17188 0.399548
8.17969 0.399167

1.47611 0.398438
1.47656 0.398592

3.21094 0.327801
3.21875 0.320708

1.48438 0.391416
1.47713 0.398438

1.47656 0.398672
1.47727 0.398438

3.21875 0.320006
3.21888 0.320312

1.48438 0.389724
1.48467 0.390625

6.53125 0.422035
6.53906 0.422034

1.48438 0.391181
1.48456 0.390625

5.44531 0.00780111
5.44539 0.0078125

5.94395 0.109375
5.94083 0.117188

3.21875 0.320914
3.2189 0.320312

5.9408 0.117188
5.93768 0.125

6.53906 0.422038
6.54688 0.422052

5.9375 0.125464
5.93459 0.132812

5.44583 0.0078125
5.45312 0.0085979

5.93459 0.132812
5.93154 0.140625

1.58594 0.158126
1.58019 0.164062

5.92969 0.145566
5.92861 0.148438

3.61719 0.358021
3.61679 0.359375

8.17969 0.399166
8.1875 0.398779

3.625 0.351328
3.62417 0.351562

6.54688 0.422055
6.55469 0.422069

1.57938 0.164062
1.58594 0.170348

5.92858 0.148438
5.9258 0.15625

1.58594 0.15736
1.59236 0.164062

8.19531 0.398392
8.1944 0.398438

3.61719 0.358201
3.62409 0.351562

8.1875 0.398779
8.19429 0.398438

3.61717 0.359375
3.61719 0.359433

8.19531 0.398389
8.20312 0.397984

3.61719 0.360319
3.625 0.366638

6.55469 0.422074
6.5625 0.422074

3.625 0.351501
3.62516 0.351562

6.5625 0.422076
6.57031 0.422048

3.62572 0.351562
3.63208 0.359375

8.20312 0.397984
8.21094 0.397561

3.625 0.367001
3.63239 0.359375

8.21094 0.397561
8.21875 0.397122

3.70312 0.35801
3.70141 0.359375

6.57031 0.422047
6.57812 0.421988

5.45312 0.00850157
5.46094 0.00906117

5.92969 0.145408
5.93149 0.140625

1.58594 0.169619
1.59167 0.164062

5.92188 0.168127
5.9207 0.171875

3.70231 0.359375
3.69768 0.367188

5.46094 0.00908646
5.46875 0.00950995

3.69765 0.367188
3.70202 0.375

8.21875 0.397122
8.22656 0.396671

1.60156 0.499602
1.60135 0.5

8.22656 0.39667
8.23438 0.39621

6.59375 0.421822
6.58867 0.421875

8.23438 0.396209
8.24219 0.395743

3.70312 0.358373
3.71094 0.356974

5.92071 0.171875
5.91845 0.179688

3.71094 0.358205
3.71287 0.359375

3.714 0.359375
3.71875 0.365562

5.4375 0.0365547
5.44041 0.0390625

3.71875 0.368776
3.71412 0.375

3.71875 0.365425
3.71941 0.367188

8.24219 0.395743
8.25 0.395271

3.71875 0.368937
3.71939 0.367188

5.91845 0.179688
5.91636 0.1875

3.70091 0.375
3.70312 0.376802

6.57812 0.421985
6.58594 0.421907

3.70312 0.376274
3.71094 0.377606

3.71094 0.376543
3.71343 0.375

1.60156 0.499989
1.60938 0.499973

3.95312 0.346842
3.94845 0.351562

5.44025 0.0390625
5.44531 0.0430901

3.95121 0.351562
3.95312 0.353471

3.95312 0.349611
3.95507 0.351562

8.25 0.395272
8.25781 0.394791

3.95312 0.35623
3.95784 0.351562

5.92579 0.15625
5.92316 0.164062

1.60938 0.499601
1.60958 0.5

6.58594 0.421902
6.58851 0.421875

1.73438 0.421241
1.73417 0.421875

1.7342 0.421875
1.73438 0.422399

6.59375 0.42182
6.60156 0.421746

1.74219 0.413782
1.74135 0.414062

4.35938 0.320241
4.35935 0.320312

1.73438 0.421252
1.74142 0.414062

8.25781 0.394792
8.26562 0.394297

5.92188 0.168077
5.92313 0.164062

6.60156 0.421749
6.60938 0.42168

5.90625 0.240829
5.90607 0.242188

4.35936 0.320312
4.35938 0.320374

1.74219 0.413827
1.74289 0.414062

4.35938 0.320074
4.36719 0.312874

1.74294 0.414062
1.75 0.421192

5.44531 0.0430561
5.4514 0.046875

5.90607 0.242188
5.90518 0.25

5.45133 0.046875
5.45312 0.0479457

6.60938 0.421674
6.61719 0.421614

4.35939 0.320312
4.36643 0.328125

1.73438 0.422481
1.74163 0.429688

4.36719 0.313005
4.375 0.320087

1.74155 0.429688
1.74219 0.429903

5.45312 0.0479063
5.46094 0.0514898

5.46094 0.0513983
5.46875 0.0539547

5.91406 0.197037
5.9127 0.203125

5.91635 0.1875
5.91444 0.195312

5.91406 0.197017
5.91444 0.195312

5.91271 0.203125
5.9111 0.210938

5.9111 0.210938
5.90962 0.21875

5.90962 0.21875
5.90827 0.226562

1.75 0.422577
1.74276 0.429688

5.90827 0.226562
5.90709 0.234375

1.74219 0.429896
1.74282 0.429688

5.90625 0.240763
5.90709 0.234375

5.46875 0.00951355
5.47656 0.00974313

6.61719 0.421617
6.625 0.421571

5.47656 0.00972848
5.48438 0.00978626

8.26562 0.394296
8.27344 0.393788

1.75 0.421256
1.7502 0.421875

5.9375 0.125429
5.93767 0.125

1.75 0.422467
1.7502 0.421875

6.625 0.42157
6.63281 0.421534

5.90518 0.25
5.90439 0.257812

8.27344 0.393789
8.28125 0.393269

4.375 0.320556
4.36807 0.328125

8.28125 0.393267
8.28906 0.392736

4.36693 0.328125
4.36719 0.328213

8.28906 0.392737
8.29688 0.392197

5.48438 0.00975905
5.49219 0.00972873

8.29688 0.392192
8.30469 0.39165

6.63281 0.421536
6.64062 0.421505

4.36719 0.328367
4.36793 0.328125

6.64062 0.421505
6.64844 0.421473

1.88281 0.383165
1.8755 0.390625

5.49219 0.00962563
5.5 0.00976781

8.30469 0.391652
8.3125 0.391114

5.90439 0.257812
5.90373 0.265625

8.32031 0.39058
8.31967 0.390625

5.90373 0.265625
5.90321 0.273438

4.72656 0.404748
4.72602 0.40625

1.88281 0.383077
1.89023 0.390625

5.46875 0.0539927
5.47222 0.0546875

6.64844 0.421476
6.65625 0.421436

5.47191 0.0546875
5.47656 0.0556192

5.47656 0.0556047
5.48438 0.0560026

4.73438 0.397912
4.73292 0.398438

5.48438 0.0559705
5.49219 0.0552426

1.87537 0.390625
1.88281 0.397938

8.32031 0.390577
8.32812 0.390012

5.90321 0.273438
5.90281 0.28125

8.3125 0.391116
8.31955 0.390625

6.65625 0.421436
6.66406 0.421381

8.32812 0.390012
8.33594 0.389417

4.72656 0.404323
4.73247 0.398438

1.88281 0.397847
1.89018 0.390625

4.73438 0.397656
4.73657 0.398438

5.90281 0.28125
5.90253 0.289062

5.5 0.0532201
5.49426 0.0546875

6.66406 0.421383
6.67188 0.421311

8.33594 0.389419
8.34375 0.388789

6.67188 0.421309
6.67969 0.421221

8.34375 0.388788
8.35156 0.38812

6.67969 0.42122
6.6875 0.421123

8.35156 0.388121
8.35938 0.387414

6.6875 0.42112
6.69531 0.421022

4.73647 0.398438
4.74219 0.404491

6.69531 0.421023
6.70312 0.42093

5.49219 0.0555799
5.49568 0.0546875

8.35938 0.387413
8.36719 0.386667

2.25 0.400752
2.24457 0.40625

8.36719 0.386668
8.375 0.385882

5.90253 0.289062
5.90238 0.296875

8.46875 0.374764
8.46696 0.375

5.40625 0.187436
5.40657 0.1875

8.46875 0.374756
8.47656 0.373702

2.24752 0.40625
2.25 0.408721

8.47656 0.373705
8.48438 0.372607

2.35156 0.21833
2.35938 0.213064

6.70312 0.420928
6.71094 0.420842

2.35938 0.215618
2.36719 0.217135

4.74219 0.404422
4.74278 0.40625

5.90238 0.296875
5.90238 0.304688

8.48438 0.372608
8.49219 0.371458

5.90238 0.304688
5.90253 0.3125

6.71094 0.420844
6.71875 0.420765

5.90254 0.3125
5.90285 0.320312

4.72614 0.40625
4.72656 0.407426

5.41406 0.185428
5.41651 0.1875

4.72656 0.408479
4.73245 0.414062

2.35592 0.21875
2.352 0.226562

6.71875 0.420764
6.72656 0.420693

2.35177 0.226562
2.35608 0.234375

5.90286 0.320312
5.9033 0.328125

2.35244 0.234375
2.35938 0.239124

8.49219 0.371462
8.5 0.370249

5.4053 0.1875
5.39933 0.195312

8.375 0.385879
8.38281 0.385058

4.73348 0.414062
4.73438 0.414361

8.38281 0.385057
8.39062 0.384209

4.74219 0.407435
4.73562 0.414062

6.72656 0.420694
6.73438 0.420629

4.73438 0.415114
4.73734 0.414062

6.73438 0.420628
6.74219 0.420569

4.74219 0.409094
4.74318 0.40625

6.74219 0.420571
6.75 0.420516

4.82031 0.242642
4.81397 0.25

6.97656 0.211602
6.97723 0.210938

8.39062 0.384204
8.39844 0.383344

6.75 0.420515
6.75781 0.420463

8.40625 0.382489
8.40333 0.382812

6.75781 0.420464
6.76562 0.420414

8.39844 0.383339
8.4032 0.382812

6.76562 0.420413
6.77344 0.420366

8.40625 0.382485
8.41406 0.381606

6.77344 0.420367
6.78125 0.420321

8.41406 0.381606
8.42188 0.380703

6.78125 0.42032
6.78906 0.420275

5.39844 0.195437
5.40625 0.202899

6.78906 0.420276
6.79688 0.420231

5.40808 0.1875
5.41406 0.193256

6.79688 0.42023
6.80469 0.420187

8.42188 0.380703
8.42969 0.379775

8.42969 0.379777
8.4375 0.378817

8.4375 0.378814
8.44531 0.377823

8.44531 0.377822
8.45312 0.376808

8.45312 0.376803
8.46094 0.375778

5.90331 0.328125
5.90386 0.335938

8.46094 0.375775
8.46681 0.375

6.80469 0.420188
6.8125 0.420146

8.5 0.370246
8.50781 0.368966

5.40625 0.201724
5.41406 0.196169

8.50781 0.368961
8.51562 0.367628

5.41406 0.189172
5.41536 0.195312

2.37063 0.21875
2.375 0.224425

8.52344 0.366252
8.51816 0.367188

6.8125 0.420145
6.82031 0.420103

8.51562 0.367627
8.51811 0.367188

4.82031 0.243295
4.82812 0.243951

2.375 0.228702
2.37066 0.234375

4.82812 0.245733
4.83238 0.25

2.35938 0.237364
2.36719 0.236383

6.82031 0.420104
6.82812 0.420062

8.52344 0.366252
8.53125 0.364798

6.82812 0.42006
6.83594 0.420019

5.90386 0.335938
5.90452 0.34375

4.81218 0.257812
4.8125 0.263209

5.90451 0.34375
5.9053 0.351562

5.28906 0.426244
5.28165 0.429688

8.53125 0.364798
8.53906 0.363269

5.28266 0.429688
5.28196 0.4375

2.375 0.22268
2.37664 0.226562

5.29688 0.429597
5.2959 0.429688

2.375 0.230146
2.37652 0.226562

6.83594 0.42002
6.84375 0.419979

2.25 0.40372
2.25252 0.40625

4.8123 0.265625
4.8125 0.266187

5.90529 0.351562
5.90624 0.359375

4.81605 0.25
4.81467 0.257812

8.53906 0.363267
8.54688 0.361666

2.25 0.411672
2.25549 0.40625

8.5625 0.358329
8.55767 0.359375

5.90624 0.359375
5.90625 0.359422

6.84375 0.419978
6.85156 0.419937

4.81493 0.257812
4.81729 0.265625

6.85156 0.419938
6.85938 0.419896

5.28906 0.432704
5.29198 0.429688

8.54688 0.361657
8.55469 0.360008

5.29688 0.425946
5.30469 0.429384

5.30466 0.429688
5.30469 0.430127

5.30469 0.429006
5.30518 0.429688

4.8125 0.265895
4.82031 0.273412

5.30469 0.437456
5.30541 0.429688

5.90626 0.359375
5.90734 0.367188

5.90736 0.367188
5.90852 0.375

6.85938 0.419895
6.86719 0.419854

5.88281 0.412218
5.88224 0.414062

6.86719 0.419855
6.875 0.419814

5.89062 0.412721
5.8881 0.414062

5.28544 0.4375
5.28906 0.439764

5.88951 0.414062
5.89062 0.416773

5.89844 0.413794
5.8974 0.414062

5.28906 0.43974
5.29688 0.440303

6.875 0.419813
6.88281 0.419772

6.88281 0.419773
6.89062 0.419731

5.89827 0.414062
5.8973 0.421875

5.89844 0.414015
5.89894 0.414062

5.89844 0.42072
5.90625 0.420299

5.29688 0.439856
5.30079 0.4375

8.55469 0.360002
8.55758 0.359375

5.33594 0.499884
5.33527 0.5

8.5625 0.358326
8.57031 0.356572

5.33594 0.499848
5.336 0.5

5.42969 0.374958
5.42966 0.375

5.4375 0.370204
5.4317 0.375

8.57031 0.356578
8.57812 0.35474

8.57812 0.354734
8.58594 0.352812

6.89062 0.41973
6.89844 0.419689

6.89844 0.41969
6.90625 0.419648

5.9022 0.421875
5.90625 0.424156

6.90625 0.419648
6.91406 0.419606

5.4375 0.370165
5.44531 0.372453

6.91406 0.419607
6.92188 0.419564

5.44531 0.372488
5.44732 0.375

8.59375 0.350835
8.5909 0.351562

5.42968 0.375
5.42969 0.37517

6.92188 0.419563
6.92969 0.419521

5.90852 0.375
5.90972 0.382812

6.92969 0.419522
6.9375 0.41948

8.58594 0.352801
8.59079 0.351562

5.43143 0.375
5.433 0.382812

8.625 0.341965
8.61902 0.34375

5.43175 0.382812
5.4375 0.386098

8.59375 0.350829
8.60156 0.348747

5.4375 0.38494
5.44531 0.382928

5.90965 0.382812
5.91099 0.390625

5.44812 0.375
5.44683 0.382812

8.60156 0.348746
8.60938 0.346558

5.44531 0.384792
5.4477 0.382812

5.91083 0.390625
5.91278 0.398438

6.9375 0.419479
6.94531 0.419436

5.91279 0.398438
5.91406 0.401932

5.91406 0.401895
5.91566 0.40625

5.5 0.00942454
5.50781 0.010632

8.60938 0.346543
8.61719 0.34428

5.50781 0.010201
5.51562 0.0140221

6.94531 0.419437
6.95312 0.419393

5.91406 0.419828
5.91331 0.421875

6.95312 0.419392
6.96094 0.419349

8.61719 0.344278
8.61896 0.34375

6.96094 0.41935
6.96875 0.419306

5.915 0.40625
5.92003 0.414062

5.51562 0.0143633
5.51725 0.015625

6.96875 0.419306
6.97656 0.419261

5.51844 0.015625
5.52344 0.0224318

6.97656 0.419262
6.98438 0.419217

5.52301 0.0234375
5.52279 0.03125

6.98438 0.419216
6.99219 0.419172

5.92058 0.414062
5.92188 0.418195

8.625 0.341966
8.63281 0.339533

6.99219 0.419173
7 0.419128

8.63281 0.339528
8.64062 0.336991

7 0.419127
7.00781 0.419082

8.64844 0.334366
8.64379 0.335938

7.00781 0.419082
7.01562 0.419037

7.01562 0.419036
7.02344 0.41899

5.9109 0.421875
5.91406 0.428091

7.02344 0.418991
7.03125 0.418944

8.64062 0.33698
8.64371 0.335938

7.03125 0.418944
7.03906 0.418897

8.64844 0.334361
8.65625 0.331593

7.03906 0.418898
7.04688 0.41885

8.67188 0.325762
8.66564 0.328125

7.04688 0.418849
7.05469 0.418802

8.65625 0.331574
8.66406 0.328705

7.05469 0.418802
7.0625 0.418755

8.66406 0.328706
8.6656 0.328125

5.52344 0.0223376
5.52394 0.0234375

5.91634 0.421875
5.92146 0.429688

5.52344 0.0273941
5.52355 0.0234375

7.0625 0.418754
7.07031 0.418705

5.51562 0.0433035
5.51184 0.046875

5.92188 0.413594
5.92228 0.414062

8.67188 0.325765
8.67969 0.322669

5.5 0.0534852
5.50781 0.0497403

8.6875 0.319474
8.68547 0.320312

5.50781 0.0500089
5.51204 0.046875

8.67969 0.322648
8.68533 0.320312

5.52267 0.03125
5.51907 0.0390625

5.51562 0.0434716
5.51907 0.0390625

7.07031 0.418706
7.07812 0.418657

5.67969 0.296017
5.67811 0.296875

8.71094 0.308857
8.7032 0.3125

5.92188 0.414357
5.92778 0.421875

8.71094 0.308848
8.71875 0.305003

7.07812 0.418656
7.08594 0.418607

8.73438 0.296841
8.73431 0.296875

5.92188 0.423077
5.92969 0.427084

8.72656 0.300991
8.7194 0.304688

7.08594 0.418607
7.09375 0.418558

8.71875 0.305013
8.71938 0.304688

7.09375 0.418557
7.10156 0.418507

5.67969 0.295779
5.68019 0.296875

7.10156 0.418507
7.10938 0.418456

5.67791 0.296875
5.67969 0.297521

5.67969 0.297558
5.68015 0.296875

5.92969 0.424844
5.9375 0.425944

5.75 0.406147
5.7499 0.40625

7.10938 0.418456
7.11719 0.418405

5.78906 0.10138
5.78881 0.101562

8.72656 0.300975
8.73414 0.296875

5.78875 0.101562
5.78448 0.109375

8.73438 0.29676
8.74219 0.292337

7.11719 0.418405
7.125 0.418354

5.9375 0.424874
5.94531 0.424008

7.125 0.418354
7.13281 0.418302

5.78906 0.101077
5.79688 0.100697

7.13281 0.418302
7.14062 0.41825

5.78404 0.109375
5.78906 0.117033

7.14062 0.41825
7.14844 0.418197

5.94531 0.42397
5.95312 0.423353

7.14844 0.418198
7.15625 0.418146

8.75 0.287771
8.74782 0.289062

7.15625 0.418145
7.16406 0.418092

8.74219 0.292302
8.74766 0.289062

7.16406 0.418093
7.17188 0.418038

5.95312 0.42339
5.96094 0.423028

5.78906 0.115987
5.79688 0.116272

7.17188 0.418038
7.17969 0.417982

8.6875 0.319444
8.69531 0.316059

5.96094 0.423047
5.96875 0.422827

8.69531 0.316042
8.70312 0.312514

5.96875 0.422837
5.97656 0.422702

7.17969 0.417982
7.1875 0.417924

5.97656 0.422707
5.98438 0.422628

5.78906 0.117208
5.7917 0.117188

8.70312 0.312533
8.70319 0.3125

5.79688 0.100706
5.79819 0.101562

5.98438 0.422631
5.99219 0.422593

7.1875 0.417924
7.19531 0.417867

5.99219 0.422594
6 0.422589

5.79793 0.101562
5.8021 0.109375

8.80469 0.248118
8.80248 0.25

7.19531 0.417868
7.20312 0.417811

8.8125 0.241133
8.81135 0.242188

7.20312 0.417811
7.21094 0.417754

5.79688 0.116604
5.80194 0.109375

7.21094 0.417755
7.21875 0.417699

8.80469 0.247985
8.81117 0.242188

6.04924 0
6.05098 0.0078125

6.05064 0.0078125
6.05469 0.0133861

7.21875 0.417698
7.22656 0.417641

6.05469 0.013467
6.05719 0.015625

8.875 0.164428
8.87044 0.171875

6.05741 0.015625
6.0625 0.0188203

7.22656 0.417641
7.23438 0.417583

6.0625 0.0185148
6.07031 0.019614

8.86719 0.176864
8.86534 0.179688

7.23438 0.417583
7.24219 0.417524

6.07031 0.0197776
6.07812 0.0172605

7.24219 0.417525
7.25 0.417466

8.8653 0.179688
8.8599 0.1875

8.86719 0.17676
8.87039 0.171875

8.83594 0.217449
8.83476 0.21875

8.84375 0.20843
8.84166 0.210938

8.83594 0.217327
8.84157 0.210938

6.08594 0.00976246
6.08072 0.015625

8.82031 0.233786
8.8197 0.234375

7.25 0.417465
7.25781 0.417406

8.82812 0.225907
8.8275 0.226562

6.08831 0
6.08663 0.0078125

8.82031 0.233626
8.82734 0.226562

7.25781 0.417406
7.26562 0.417345

8.8125 0.240989
8.81949 0.234375

8.82812 0.225706
8.83465 0.21875

8.85156 0.198673
8.84808 0.203125

8.85938 0.188247
8.85418 0.195312

6.08594 0.00973988
6.08705 0.0078125

6.07812 0.0175935
6.081 0.015625

7.26562 0.417345
7.27344 0.417284

7.27344 0.417284
7.28125 0.417223

7.28125 0.417223
7.28906 0.417161

7.28906 0.417161
7.29688 0.417098

7.29688 0.417097
7.30469 0.417034

8.85156 0.198644
8.8541 0.195312

8.84375 0.208281
8.848 0.203125

6.22566 0
6.22656 0.00237959

8.85938 0.188212
8.85988 0.1875

7.30469 0.417034
7.3125 0.416971

8.92007 0
8.91997 0.0078125

8.91997 0.0078125
8.91968 0.015625

8.91968 0.015625
8.9192 0.0234375

8.9192 0.0234375
8.91852 0.03125

6.22656 0.00234944
6.23438 0.00154871

8.91852 0.03125
8.91765 0.0390625

8.91765 0.0390625
8.91659 0.046875

7.3125 0.41697
7.32031 0.416906

8.91406 0.0618131
8.91394 0.0625

8.91659 0.046875
8.91535 0.0546875

8.91406 0.0617558
8.91536 0.0546875

8.90625 0.0935804
8.9062 0.09375

6 0.42259
6.00781 0.422612

8.90619 0.09375
8.90373 0.101562

7.32031 0.416906
7.32812 0.41684

8.90373 0.101562
8.90101 0.109375

8.89844 0.116213
8.89807 0.117188

8.89805 0.117188
8.89487 0.125

8.89844 0.116103
8.90098 0.109375

6.00781 0.422613
6.01562 0.422658

8.91393 0.0625
8.9123 0.0703125

7.32812 0.41684
7.33594 0.416774

8.9123 0.0703125
8.91046 0.078125

8.91045 0.078125
8.90841 0.0859375

8.90625 0.0934587
8.9084 0.0859375

8.89062 0.134573
8.8878 0.140625

8.88281 0.150472
8.87969 0.15625

8.88782 0.140625
8.88391 0.148438

8.88281 0.150435
8.88389 0.148438

6.01562 0.42266
6.02344 0.422722

8.89487 0.125
8.89145 0.132812

8.89062 0.134534
8.89143 0.132812

6.02344 0.422723
6.03125 0.422797

8.87967 0.15625
8.87519 0.164062

8.875 0.164389
8.87519 0.164062

6.03125 0.422798
6.03906 0.42288

6.03906 0.422882
6.04688 0.422967

6.04688 0.422968
6.05469 0.423049

7.33594 0.416774
7.34375 0.416708

8.76562 0.277771
8.7603 0.28125

6.05469 0.423048
6.0625 0.423124

8.77344 0.272522
8.77208 0.273438

8.76562 0.277732
8.77188 0.273438

6.0625 0.423125
6.07031 0.423196

6.07031 0.423196
6.07812 0.423259

6.07812 0.423257
6.08594 0.423315

7.34375 0.416707
7.35156 0.41664

8.77344 0.272394
8.78125 0.266774

6.08594 0.423318
6.09375 0.423372

8.75 0.287718
8.75781 0.282864

8.75781 0.28282
8.76023 0.28125

6.09375 0.423371
6.10156 0.423417

6.10156 0.423417
6.10938 0.423456

6.10938 0.423455
6.11719 0.423486

7.35156 0.41664
7.35938 0.416572

8.78906 0.260884
8.78281 0.265625

6.11719 0.423487
6.125 0.423513

8.79688 0.254663
8.79292 0.257812

7.35938 0.416571
7.36719 0.416503

8.78906 0.260794
8.79286 0.257812

6.125 0.423512
6.13281 0.423531

8.78125 0.266749
8.78278 0.265625

8.79688 0.254537
8.80227 0.25

6.13281 0.423533
6.14062 0.423545

6.14062 0.423544
6.14844 0.423548

6.14844 0.423549
6.15625 0.423542

7.36719 0.416503
7.375 0.416434

7.375 0.416434
7.38281 0.416364

6.15625 0.423541
6.16406 0.423523

6.16406 0.423523
6.17188 0.423496

6.17188 0.423493
6.17969 0.423461

7.38281 0.416364
7.39062 0.416293

7.39062 0.416292
7.39844 0.416221

6.17969 0.423461
6.1875 0.423427

6.1875 0.423425
6.19531 0.423397

6.19531 0.423397
6.20312 0.423376

7.39844 0.416221
7.40625 0.416149

7.40625 0.416149
7.41406 0.416076

6.20312 0.423375
6.21094 0.423362

6.21094 0.423364
6.21875 0.423359

6.21875 0.423359
6.22656 0.423358

6.22656 0.42336
6.23438 0.423362

6.23438 0.423361
6.24219 0.423363

7.41406 0.416076
7.42188 0.416002

7.42188 0.416001
7.42969 0.415926

6.24219 0.423364
6.25 0.423366

6.25 0.423365
6.25781 0.423367

6.25781 0.423368
6.26562 0.42337

6.26562 0.423369
6.27344 0.423374

7.42969 0.415927
7.4375 0.415851

7.4375 0.415851
7.44531 0.415774

6.27344 0.423375
6.28125 0.42338

6.28125 0.42338
6.28906 0.423384

6.28906 0.423386
6.29688 0.423388

6.29688 0.423387
6.30469 0.423384

6.30469 0.423385
6.3125 0.423375

7.44531 0.415774
7.45312 0.415696

7.45312 0.415696
7.46094 0.415617

6.3125 0.423373
6.32031 0.423357

6.32031 0.423357
6.32812 0.423336

6.32812 0.423334
6.33594 0.423314

7.46094 0.415617
7.46875 0.415537

7.46875 0.415537
7.47656 0.415456

6.33594 0.423314
6.34375 0.423298

7.47656 0.415457
7.48438 0.415375

7.48438 0.415374
7.49219 0.415291

7.49219 0.415291
7.5 0.415208

7.5 0.415207
7.50781 0.415122

7.50781 0.415122
7.51562 0.415036

7.51562 0.415036
7.52344 0.414948

7.52344 0.414948
7.53125 0.41486

7.53125 0.41486
7.53906 0.414769

7.53906 0.41477
7.54688 0.414678

7.54688 0.414677
7.55469 0.414584

7.55469 0.414584
7.5625 0.414489

7.5625 0.414489
7.57031 0.414392

7.57031 0.414393
7.57812 0.414294

7.57812 0.414294
7.58594 0.414194

7.58594 0.414195
7.59375 0.414094

7.60156 0.413991
7.59617 0.414062

7.59375 0.414094
7.59612 0.414062

7.60156 0.41399
7.60938 0.413886

7.60938 0.413886
7.61719 0.413781

7.61719 0.413781
7.625 0.413677

7.625 0.413677
7.63281 0.413572

7.63281 0.413572
7.64062 0.413466

7.64062 0.413466
7.64844 0.413359

7.64844 0.413359
7.65625 0.413251

7.65625 0.413251
7.66406 0.413141

7.66406 0.413141
7.67188 0.413029

7.67188 0.413029
7.67969 0.412916

7.67969 0.412916
7.6875 0.4128

7.6875 0.4128
7.69531 0.412683

7.69531 0.412683
7.70312 0.412564

7.70312 0.412564
7.71094 0.412443

7.71094 0.412443
7.71875 0.41232

7.71875 0.41232
7.72656 0.412196

7.72656 0.412196
7.73438 0.41207

7.73438 0.41207
7.74219 0.411942

7.74219 0.411942
7.75 0.411812

7.75 0.411812
7.75781 0.411681

7.75781 0.411681
7.76562 0.411547

7.76562 0.411547
7.77344 0.411411

7.77344 0.411411
7.78125 0.411273

7.78125 0.411273
7.78906 0.411132

7.78906 0.411132
7.79688 0.410988

7.79688 0.410988
7.80469 0.410841

7.80469 0.410842
7.8125 0.410692

7.8125 0.410692
7.82031 0.410539

7.82031 0.41054
7.82812 0.410385

7.82812 0.410385
7.83594 0.410225

7.83594 0.410225
7.84375 0.41006

7.84375 0.410059
7.85156 0.409893

7.85156 0.409894
7.85938 0.409725

7.85938 0.409725
7.86719 0.409553

7.86719 0.409554
7.875 0.409379

7.875 0.409378
7.88281 0.4092

7.88281 0.409201
7.89062 0.40902

7.89062 0.409019
7.89844 0.408835

7.89844 0.408837
7.90625 0.408649

7.90625 0.408648
7.91406 0.408456

7.91406 0.408457
7.92188 0.40826

7.92188 0.408258
7.92969 0.408058

7.92969 0.408059
7.9375 0.407856

7.9375 0.407855
7.94531 0.407649

7.94531 0.407651
7.95312 0.407442

7.95312 0.40744
7.96094 0.407227

7.96094 0.407228
7.96875 0.407011

8 0.406113
7.99536 0.40625

7.96875 0.407009
7.97656 0.406791

7.97656 0.406794
7.98438 0.406573

7.98438 0.406572
7.99219 0.406344

7.99219 0.406342
7.99531 0.40625

