4.6875 0.0345472
4.69139 0.0390625

4.69106 0.0390625
4.69531 0.0429217

2.13142 0.414062
2.13281 0.414371

5.88732 0.375
5.88869 0.382812

0.312369 0
0.3125 0.000360513

5.8887 0.382812
5.89006 0.390625

5.88998 0.390625
5.89062 0.394212

5.89062 0.393816
5.89145 0.398438

8.57812 0.374188
8.57258 0.375

8.57812 0.37419
8.58594 0.373012

8.58594 0.373015
8.59375 0.371789

0.3125 0.000263268
0.316456 0

8.59375 0.371791
8.60156 0.370509

7 0.424555
7.00781 0.42452

7.00781 0.424521
7.01562 0.424483

7.01562 0.424482
7.02344 0.424443

5.89142 0.398438
5.89294 0.40625

7.02344 0.424444
7.03125 0.424403

5.89038 0.414062
5.89062 0.415429

7.03125 0.424402
7.03906 0.424359

2.13281 0.413776
2.14051 0.40625

7.03906 0.42436
7.04688 0.424317

2.13281 0.414289
2.13333 0.414062

1.02344 0.437379
1.02301 0.4375

2.14062 0.406925
2.14093 0.40625

1.01562 0.445017
1.01553 0.445312

8.60156 0.37051
8.60938 0.369168

2.22656 0.49954
2.22634 0.5

8.60938 0.369165
8.61719 0.367769

4.69531 0.0426563
4.70144 0.046875

8.625 0.366325
8.62036 0.367188

7.04688 0.424316
7.05469 0.424272

2.22656 0.499972
2.23438 0.499971

7.05469 0.424273
7.0625 0.424227

1.01562 0.444646
1.02342 0.4375

7.0625 0.424227
7.07031 0.424178

8.61719 0.367767
8.62031 0.367188

7.07031 0.424179
7.07812 0.424127

8.5 0.384682
8.50781 0.38373

7.07812 0.424126
7.08594 0.42407

8.51562 0.38278
8.51536 0.382812

7.08594 0.424071
7.09375 0.424012

8.50781 0.383726
8.51522 0.382812

7.09375 0.424011
7.10156 0.423948

8.51562 0.382769
8.52344 0.381791

7.10156 0.423949
7.10938 0.423884

8.52344 0.381791
8.53125 0.380788

7.10938 0.423882
7.11719 0.423815

8.53125 0.380789
8.53906 0.379759

7.11719 0.423816
7.125 0.423746

8.53906 0.379763
8.54688 0.378693

7.125 0.423745
7.13281 0.423675

8.54688 0.378686
8.55469 0.37758

7.13281 0.423676
7.14062 0.423604

8.55469 0.377578
8.5625 0.376455

7.14062 0.423603
7.14844 0.42353

8.5625 0.376452
8.57031 0.375322

7.14844 0.423531
7.15625 0.423456

8.57031 0.375322
8.57252 0.375

7.15625 0.423455
7.16406 0.423378

8.625 0.366326
8.63281 0.364801

7.16406 0.423379
7.17188 0.4233

8.63281 0.364805
8.64062 0.363189

7.17188 0.423299
7.17969 0.423219

8.64062 0.363181
8.64844 0.36148

7.17969 0.42322
7.1875 0.42314

2.23438 0.49954
2.2346 0.5

5.89019 0.421875
5.89062 0.422812

2.37438 0
2.375 0.00447911

8.64844 0.36147
8.65625 0.359719

7.1875 0.423138
7.19531 0.423058

1.01562 0.446165
1.02344 0.451975

7.19531 0.423059
7.20312 0.422981

4.70084 0.046875
4.70312 0.0482845

7.20312 0.42298
7.21094 0.422905

4.70312 0.0480011
4.71094 0.0514932

7.21094 0.422907
7.21875 0.422836

4.71094 0.0514363
4.71875 0.0533861

5.8931 0.40625
5.89442 0.414062

2.375 0.00450886
2.37546 0.0078125

8.66406 0.357928
8.65779 0.359375

1.02383 0.4375
1.02971 0.445312

8.66406 0.357929
8.67188 0.356049

1.02344 0.452099
1.02973 0.445312

7.21875 0.422835
7.22656 0.422767

1.40625 0.178736
1.40592 0.179688

7.22656 0.422769
7.23438 0.4227

8.65625 0.359723
8.65776 0.359375

7.23438 0.422699
7.24219 0.422627

5.89415 0.414062
5.89553 0.421875

2.37532 0.0078125
2.37887 0.015625

1.40583 0.179688
1.40625 0.180996

2.37847 0.015625
2.38281 0.0210512

8.67188 0.35605
8.67969 0.354087

2.38281 0.020368
2.38644 0.0234375

2.38583 0.0234375
2.39062 0.0267477

4.71875 0.0533662
4.72656 0.0539272

1.41406 0.171596
1.41323 0.171875

4.72656 0.0539286
4.73438 0.0531377

7.24219 0.422628
7.25 0.42255

5.8937 0.421875
5.89844 0.42891

5.89835 0.429688
5.89844 0.429753

7.25 0.422548
7.25781 0.422464

4.73438 0.0531634
4.74219 0.0509664

7.25781 0.422464
7.26562 0.422378

2.39062 0.0265013
2.39844 0.0293214

7.26562 0.422374
7.27344 0.422293

2.39844 0.0292229
2.40625 0.0295412

5.89844 0.428014
5.90077 0.429688

2.40625 0.029598
2.41406 0.0274976

5.9006 0.429688
5.90625 0.432211

1.41406 0.171725
1.41452 0.171875

5.90625 0.431135
5.91406 0.430835

7.27344 0.422294
7.28125 0.422222

4.74219 0.0509879
4.75 0.0472905

7.28125 0.422221
7.28906 0.42216

8.67969 0.35408
8.6875 0.352046

7.28906 0.422164
7.29688 0.422109

5.92188 0.429274
5.91908 0.429688

2.41406 0.0275764
2.42065 0.0234375

2.42969 0.0121441
2.42817 0.015625

8.71875 0.34302
8.71637 0.34375

8.69531 0.349946
8.68934 0.351562

8.6875 0.35205
8.6893 0.351562

8.69531 0.349951
8.70312 0.347725

5.91406 0.430417
5.919 0.429688

8.70312 0.347713
8.71094 0.345386

5.92188 0.429135
5.92969 0.428217

4.77623 0
4.77569 0.0078125

2.43233 0
2.43129 0.0078125

4.77572 0.0078125
4.77405 0.015625

1.40625 0.178762
1.41334 0.171875

8.71094 0.345368
8.71621 0.34375

7.29688 0.42211
7.30469 0.422051

2.42969 0.0114939
2.4313 0.0078125

7.30469 0.422054
7.3125 0.421982

2.42188 0.0229977
2.42844 0.015625

7.32812 0.421812
7.32199 0.421875

2.42188 0.242224
2.41437 0.25

8.71875 0.342994
8.72656 0.340506

4.77344 0.0173837
4.77116 0.0234375

8.72656 0.340506
8.73438 0.337911

5.92969 0.428256
5.9375 0.427757

8.74219 0.335243
8.74018 0.335938

5.9375 0.427813
5.94531 0.427545

8.73438 0.337898
8.74005 0.335938

4.7712 0.0234375
4.76679 0.03125

8.74219 0.335219
8.75 0.332396

2.42188 0.243355
2.42838 0.25

5.94531 0.427566
5.95312 0.427375

2.41543 0.25
2.42188 0.256312

5.95312 0.427377
5.96094 0.427216

5.96094 0.427215
5.96875 0.42708

1.40625 0.180744
1.41291 0.1875

5.96875 0.42708
5.97656 0.426973

1.41493 0.171875
1.42188 0.178733

5.97656 0.426973
5.98438 0.426893

1.42188 0.180524
1.4151 0.1875

5.98438 0.426894
5.99219 0.426836

1.42188 0.179078
1.42208 0.179688

5.99219 0.426838
6 0.426798

2.42188 0.257395
2.42954 0.25

4.77344 0.0172421
4.77405 0.015625

6 0.426799
6.00781 0.426772

7.3125 0.421979
7.32031 0.421896

9 0.0865455
8.99794 0.09375

7.32031 0.421889
7.32171 0.421875

6.00781 0.426773
6.01562 0.426755

6.01562 0.426756
6.02344 0.426743

3.35938 0.401073
3.35429 0.40625

4.75781 0.0417791
4.75095 0.046875

3.35938 0.403919
3.3617 0.40625

3.35712 0.40625
3.35938 0.408507

8.99795 0.09375
8.99547 0.101562

6.02344 0.426744
6.03125 0.426734

8.99545 0.101562
8.99274 0.109375

6.03125 0.426734
6.03906 0.426726

8.99219 0.11088
8.98983 0.117188

6.03906 0.426726
6.04688 0.426718

7.32812 0.421807
7.33594 0.421749

4.76562 0.0330538
4.76061 0.0390625

3.35938 0.411333
3.36455 0.40625

4.75781 0.0414925
4.76034 0.0390625

1.42188 0.180349
1.42209 0.179688

6.04688 0.426718
6.05469 0.42671

7.33594 0.421757
7.34375 0.421711

6.05469 0.42671
6.0625 0.426701

7.34375 0.421713
7.35156 0.421659

6.0625 0.426701
6.07031 0.426693

8.98984 0.117188
8.98668 0.125

6.07031 0.426693
6.07812 0.426685

6.07812 0.426685
6.08594 0.426678

1.41263 0.1875
1.41406 0.187967

6.08594 0.426678
6.09375 0.426672

1.41406 0.187771
1.41485 0.1875

4.34375 0.499532
4.3422 0.5

4.75 0.047429
4.75089 0.046875

4.34375 0.49942
4.34403 0.5

4.76562 0.0327759
4.76671 0.03125

7.35156 0.421663
7.35938 0.42159

6.09375 0.426673
6.10156 0.426667

7.35938 0.421587
7.36719 0.421493

6.10156 0.426666
6.10938 0.42666

7.36719 0.421493
7.375 0.421385

6.10938 0.42666
6.11719 0.426654

7.375 0.421378
7.38281 0.42127

6.11719 0.426655
6.125 0.42665

7.38281 0.421272
7.39062 0.421172

6.125 0.426649
6.13281 0.426644

7.39062 0.42117
7.39844 0.421079

6.13281 0.426645
6.14062 0.426641

7.39844 0.421082
7.40625 0.420997

6.14062 0.426641
6.14844 0.426637

5.38281 0.499757
5.38194 0.5

8.99219 0.110849
8.99274 0.109375

5.38281 0.499696
5.38296 0.5

8.89844 0.247183
8.89517 0.25

5.66406 0.304583
5.664 0.304688

8.90625 0.240052
8.90395 0.242188

5.66401 0.304688
5.66406 0.305053

8.89844 0.247038
8.90383 0.242188

5.66406 0.304594
5.67188 0.304631

8.92969 0.215812
8.92709 0.21875

1.86719 0.382534
1.86709 0.382812

7.40625 0.420996
7.41406 0.420914

6.14844 0.426638
6.15625 0.426635

7.41406 0.420916
7.42188 0.420835

6.15625 0.426634
6.16406 0.42663

5.66406 0.304982
5.67188 0.304829

8.9375 0.206583
8.93394 0.210938

4.67522 0
4.6758 0.0078125

8.92969 0.215743
8.93381 0.210938

4.67581 0.0078125
4.67754 0.015625

6.16406 0.42663
6.17188 0.426624

4.67749 0.015625
4.67969 0.0214432

6.17188 0.426624
6.17969 0.426616

7.42188 0.420833
7.42969 0.420752

8.91406 0.232495
8.91216 0.234375

7.42969 0.420754
7.4375 0.420674

8.92188 0.22444
8.91987 0.226562

7.4375 0.420672
7.44531 0.420591

7.44531 0.420593
7.45312 0.420511

5.98438 0.0215325
5.98428 0.0234375

7.45312 0.420509
7.46094 0.420427

5.98428 0.0234375
5.98374 0.03125

7.46094 0.420429
7.46875 0.420347

5.98496 0
5.9849 0.0078125

1.86711 0.382812
1.86719 0.383077

5.98494 0.0078125
5.9847 0.015625

1.86719 0.382585
1.875 0.375308

8.91406 0.232376
8.91974 0.226562

7.46875 0.420345
7.47656 0.420262

8.90625 0.239889
8.91202 0.234375

7.47656 0.420264
7.48438 0.42018

8.92188 0.224311
8.92696 0.21875

7.48438 0.420178
7.49219 0.420094

8.95312 0.185969
8.95209 0.1875

7.49219 0.420096
7.5 0.420011

8.96875 0.161313
8.96718 0.164062

4.67969 0.0213175
4.68049 0.0234375

6.17969 0.426617
6.1875 0.426608

4.68034 0.0234375
4.68483 0.03125

6.1875 0.426607
6.19531 0.426597

6.19531 0.426598
6.20312 0.426587

7.5 0.42001
7.50781 0.419925

8.96716 0.164062
8.96243 0.171875

7.50781 0.419926
7.51562 0.41984

8.96094 0.174199
8.95738 0.179688

7.51562 0.419838
7.52344 0.419751

8.95312 0.18582
8.95734 0.179688

7.52344 0.419753
7.53125 0.419666

1.86719 0.383214
1.87433 0.390625

7.53125 0.419664
7.53906 0.419576

1.87434 0.390625
1.875 0.390832

6.20312 0.426586
6.21094 0.426574

5.98438 0.0208863
5.98465 0.015625

8.96094 0.174142
8.96239 0.171875

8.98438 0.130365
8.98331 0.132812

1.875 0.375054
1.88281 0.382597

8.98331 0.132812
8.97968 0.140625

7.53906 0.419577
7.54688 0.419488

8.97656 0.146937
8.97582 0.148438

7.54688 0.419487
7.55469 0.419397

8.97581 0.148438
8.97163 0.15625

1.88271 0.382812
1.87545 0.390625

8.97656 0.146828
8.97965 0.140625

1.88281 0.38275
1.88283 0.382812

8.98438 0.130246
8.98665 0.125

6.21094 0.426574
6.21875 0.426562

8.96875 0.161168
8.97156 0.15625

6.21875 0.426561
6.22656 0.426548

4.6847 0.03125
4.6875 0.0350025

1.875 0.390673
1.87514 0.390625

7.55469 0.419398
7.5625 0.419308

8.94531 0.196674
8.94033 0.203125

7.5625 0.419307
7.57031 0.419215

8.95201 0.1875
8.94634 0.195312

5.98373 0.03125
5.98302 0.0390625

8.94531 0.196639
8.94631 0.195312

5.98302 0.0390625
5.98214 0.046875

8.9375 0.206524
8.94022 0.203125

5.98214 0.046875
5.98109 0.0546875

6.22656 0.426548
6.23438 0.426534

5.98109 0.0546875
5.97987 0.0625

2.125 0.400188
2.12302 0.40625

8.80469 0.309139
8.79769 0.3125

7.57031 0.419216
7.57812 0.419123

8.80469 0.309129
8.8125 0.305211

7.57812 0.419122
7.58594 0.419028

8.76562 0.326421
8.76125 0.328125

7.58594 0.419029
7.59375 0.418934

8.75 0.332384
8.75781 0.329442

7.59375 0.418933
7.60156 0.418836

8.75781 0.329421
8.76114 0.328125

7.60156 0.418837
7.60938 0.418739

8.76562 0.326414
8.77344 0.323247

7.60938 0.418738
7.61719 0.418638

8.78125 0.319999
8.78051 0.320312

2.1234 0.40625
2.125 0.409173

6.23438 0.426534
6.24219 0.426519

5.96875 0.109579
5.96633 0.117188

8.77344 0.323234
8.78035 0.320312

5.96635 0.117188
5.96363 0.125

8.78125 0.319954
8.78906 0.316496

5.97987 0.0625
5.97848 0.0703125

7.61719 0.418639
7.625 0.418539

5.97846 0.0703125
5.9769 0.078125

7.625 0.418538
7.63281 0.418436

2.13281 0.396201
2.12642 0.398438

7.63281 0.418437
7.64062 0.418334

6.24219 0.42652
6.25 0.426505

5.97656 0.0797529
5.97519 0.0859375

8.78906 0.316476
8.79688 0.312871

5.97519 0.0859375
5.97326 0.09375

8.79688 0.312885
8.79768 0.3125

5.97656 0.0796783
5.97691 0.078125

8.82031 0.30113
8.81354 0.304688

5.97327 0.09375
5.97113 0.101562

6.25 0.426504
6.25781 0.42649

2.13281 0.39678
2.1358 0.398438

6.25781 0.42649
6.26562 0.426475

8.8125 0.305219
8.81351 0.304688

5.97112 0.101562
5.9688 0.109375

8.82031 0.301117
8.82801 0.296875

7.64062 0.418332
7.64844 0.418228

7.64844 0.41823
7.65625 0.418125

6.26562 0.426475
6.27344 0.42646

7.65625 0.418125
7.66406 0.418015

5.96875 0.109492
5.96879 0.109375

7.66406 0.418015
7.67188 0.417902

5.9375 0.182073
5.93454 0.1875

8.82812 0.296826
8.83594 0.292312

2.13668 0.398438
2.14062 0.405939

8.84375 0.287638
8.84139 0.289062

6.27344 0.42646
6.28125 0.426446

8.83594 0.292272
8.84124 0.289062

5.90625 0.236087
5.90276 0.242188

8.85938 0.277466
8.85369 0.28125

5.89844 0.249899
5.90261 0.242188

6.28125 0.426445
6.28906 0.426431

6.28906 0.426431
6.29688 0.426417

6.29688 0.426416
6.30469 0.426402

8.86719 0.272079
8.86522 0.273438

2.14062 0.404354
2.14104 0.40625

5.92188 0.209772
5.92119 0.210938

7.67188 0.4179
7.67969 0.417787

6.30469 0.426403
6.3125 0.426389

7.67969 0.417788
7.6875 0.417677

6.3125 0.426389
6.32031 0.426375

2.125 0.409838
2.13271 0.414062

6.32031 0.426376
6.32812 0.426363

5.92107 0.210938
5.91644 0.21875

6.32812 0.426362
6.33594 0.42635

6.33594 0.42635
6.34375 0.426338

5.92969 0.196206
5.92569 0.203125

6.34375 0.426338
6.35156 0.426327

6.35156 0.426327
6.35938 0.426317

5.93449 0.1875
5.93014 0.195312

8.85938 0.277418
8.86505 0.273438

5.92969 0.196058
5.93012 0.195312

8.86719 0.271969
8.875 0.266235

6.35938 0.426317
6.36719 0.426307

8.84375 0.287587
8.85156 0.282646

7.6875 0.417676
7.69531 0.417564

8.85156 0.282609
8.85364 0.28125

7.69531 0.417565
7.70312 0.417451

5.92188 0.209352
5.92553 0.203125

7.70312 0.41745
7.71094 0.417335

5.91406 0.222775
5.9118 0.226562

8.88281 0.260233
8.87583 0.265625

5.9117 0.226562
5.90717 0.234375

8.89062 0.253875
8.8858 0.257812

7.71094 0.417335
7.71875 0.417219

6.36719 0.426308
6.375 0.4263

7.71875 0.417218
7.72656 0.4171

8.88281 0.260157
8.88575 0.257812

7.72656 0.417101
7.73438 0.416981

8.875 0.26623
8.87581 0.265625

8.89062 0.253729
8.89505 0.25

6.375 0.426299
6.38281 0.426292

9.01173 0
9.01164 0.0078125

5.91406 0.2224
5.91624 0.21875

9.01164 0.0078125
9.01135 0.015625

5.90625 0.235812
5.90707 0.234375

9.01135 0.015625
9.01088 0.0234375

6.38281 0.426292
6.39062 0.426285

7.73438 0.41698
7.74219 0.416859

6.39062 0.426285
6.39844 0.426277

6.39844 0.426278
6.40625 0.426269

7.74219 0.41686
7.75 0.416738

6.40625 0.426269
6.41406 0.426258

9.01088 0.0234375
9.01021 0.03125

5.95312 0.150624
5.95057 0.15625

9.01021 0.03125
9.00935 0.0390625

5.96094 0.132186
5.9607 0.132812

9.00935 0.0390625
9.0083 0.046875

6.41406 0.426259
6.42188 0.426247

9.00781 0.0499999
9.00707 0.0546875

7.75 0.416738
7.75781 0.416614

9.00706 0.0546875
9.00563 0.0625

7.75781 0.416615
7.76562 0.41649

9.00781 0.0499558
9.0083 0.046875

7.76562 0.416489
7.77344 0.416363

9.00564 0.0625
9.00401 0.0703125

7.77344 0.416364
7.78125 0.416236

9.00401 0.0703125
9.00218 0.078125

7.78125 0.416236
7.78906 0.416107

6.42188 0.426246
6.42969 0.426232

7.78906 0.416108
7.79688 0.415977

9.00218 0.078125
9.00016 0.0859375

5.96065 0.132812
5.95749 0.140625

9 0.0865014
9.00016 0.0859375

5.96094 0.132001
5.96359 0.125

7.79688 0.415976
7.80469 0.415844

7.80469 0.415844
7.8125 0.41571

5.95749 0.140625
5.95412 0.148438

7.8125 0.415709
7.82031 0.415572

7.82031 0.415573
7.82812 0.415433

5.95312 0.150535
5.95408 0.148438

7.82812 0.415432
7.83594 0.41529

6.42969 0.426232
6.4375 0.426215

7.83594 0.41529
7.84375 0.415146

5.94531 0.167068
5.94289 0.171875

7.84375 0.415145
7.85156 0.414999

7.85156 0.414999
7.85938 0.41485

5.95059 0.15625
5.94684 0.164062

7.85938 0.414849
7.86719 0.414697

7.86719 0.414698
7.875 0.414544

5.94531 0.166908
5.94675 0.164062

5.94288 0.171875
5.93879 0.179688

6.4375 0.426215
6.44531 0.426196

6.44531 0.426197
6.45312 0.426177

6.45312 0.426176
6.46094 0.426156

7.875 0.414543
7.88281 0.414387

5.9375 0.181886
5.9387 0.179688

7.88281 0.414387
7.89062 0.41423

7.89062 0.41423
7.89844 0.41407

6.46094 0.426156
6.46875 0.426136

6.46875 0.426135
6.47656 0.426115

5.89062 0.266248
5.88775 0.273438

7.90625 0.413907
7.89887 0.414062

6.47656 0.426115
6.48438 0.426096

7.89844 0.414072
7.89888 0.414062

7.90625 0.413907
7.91406 0.413736

6.48438 0.426095
6.49219 0.426076

6.49219 0.426076
6.5 0.426058

5.88772 0.273438
5.88504 0.28125

6.5 0.426057
6.50781 0.42604

7.91406 0.413735
7.92188 0.413561

6.50781 0.42604
6.51562 0.426024

5.89844 0.250062
5.89453 0.257812

5.89443 0.257812
5.89083 0.265625

5.89062 0.266103
5.89082 0.265625

5.88281 0.289475
5.88137 0.296875

6.51562 0.426023
6.52344 0.426007

6.52344 0.426008
6.53125 0.425993

6.53125 0.425992
6.53906 0.425978

7.92188 0.413561
7.92969 0.413385

5.88501 0.28125
5.88288 0.289062

7.92969 0.413384
7.9375 0.413206

7.9375 0.413207
7.94531 0.413027

7.94531 0.413027
7.95312 0.412844

6.53906 0.425979
6.54688 0.425965

7.95312 0.412844
7.96094 0.412659

5.88281 0.289403
5.88288 0.289062

7.96094 0.412659
7.96875 0.41247

6.54688 0.425965
6.55469 0.425952

6.55469 0.425953
6.5625 0.42594

5.88139 0.296875
5.88041 0.304688

6.5625 0.42594
6.57031 0.425927

7.96875 0.41247
7.97656 0.41228

5.88042 0.304688
5.87993 0.3125

7.97656 0.41228
7.98438 0.412086

6.57031 0.425928
6.57812 0.425914

6.57812 0.425914
6.58594 0.4259

5.87994 0.3125
5.87989 0.320312

6.58594 0.4259
6.59375 0.425886

7.98438 0.412086
7.99219 0.411889

5.8799 0.320312
5.88025 0.328125

7.99219 0.411889
8 0.411689

8 0.411689
8.00781 0.411486

8.00781 0.411486
8.01562 0.411279

6.59375 0.425885
6.60156 0.425869

8.01562 0.411279
8.02344 0.411069

8.02344 0.411069
8.03125 0.410856

6.60156 0.42587
6.60938 0.425854

8.03125 0.410855
8.03906 0.410638

8.03906 0.410639
8.04688 0.410417

6.60938 0.425853
6.61719 0.425837

8.04688 0.410417
8.05469 0.410186

5.88027 0.328125
5.88097 0.335938

8.05469 0.410185
8.0625 0.409947

8.0625 0.409945
8.07031 0.409705

5.88098 0.335938
5.88198 0.34375

8.07031 0.409707
8.07812 0.409465

8.07812 0.409463
8.08594 0.409219

5.882 0.34375
5.88281 0.348857

8.08594 0.40922
8.09375 0.408972

8.09375 0.408971
8.10156 0.408719

5.88281 0.348746
5.88326 0.351562

8.10156 0.408721
8.10938 0.408464

8.10938 0.408463
8.11719 0.408202

5.8833 0.351562
5.88465 0.359375

8.11719 0.408204
8.125 0.407939

8.125 0.407937
8.13281 0.407668

8.13281 0.40767
8.14062 0.4074

6.61719 0.425837
6.625 0.425821

8.14062 0.407398
8.14844 0.407127

5.88467 0.359375
5.88601 0.367188

8.14844 0.40713
8.15625 0.406853

8.17969 0.406
8.17295 0.40625

8.17969 0.406003
8.1875 0.405698

6.625 0.425821
6.63281 0.425805

8.15625 0.406849
8.16406 0.406568

5.88599 0.367188
5.88732 0.375

8.16406 0.40657
8.17188 0.406289

8.17188 0.406291
8.17294 0.40625

6.63281 0.425806
6.64062 0.425788

6.64062 0.425787
6.64844 0.425769

6.64844 0.425769
6.65625 0.425751

8.1875 0.405695
8.19531 0.405377

8.19531 0.40538
8.20312 0.405048

6.65625 0.425751
6.66406 0.425731

6.66406 0.425732
6.67188 0.425711

6.67188 0.425711
6.67969 0.425688

8.20312 0.405045
8.21094 0.404703

8.21094 0.404705
8.21875 0.404355

6.67969 0.425689
6.6875 0.425664

6.6875 0.425663
6.69531 0.425636

6.69531 0.425637
6.70312 0.425609

6.70312 0.425608
6.71094 0.425581

6.71094 0.425581
6.71875 0.425555

8.21875 0.404353
8.22656 0.403998

8.22656 0.404
8.23438 0.403639

6.71875 0.425554
6.72656 0.42553

6.72656 0.42553
6.73438 0.425508

6.73438 0.425508
6.74219 0.425487

6.74219 0.425488
6.75 0.425468

8.23438 0.403638
8.24219 0.403272

8.24219 0.403274
8.25 0.402904

6.75 0.425468
6.75781 0.425449

8.25 0.402904
8.25781 0.402524

8.25781 0.402526
8.26562 0.402132

6.75781 0.425449
6.76562 0.42543

6.76562 0.425429
6.77344 0.425409

6.77344 0.425409
6.78125 0.425388

6.78125 0.425387
6.78906 0.425365

6.78906 0.425366
6.79688 0.425343

8.26562 0.40213
8.27344 0.401723

8.27344 0.401723
8.28125 0.401307

6.79688 0.425343
6.80469 0.42532

6.80469 0.42532
6.8125 0.425297

6.8125 0.425296
6.82031 0.425273

6.82031 0.425273
6.82812 0.425249

6.82812 0.425249
6.83594 0.425224

8.28125 0.401306
8.28906 0.400884

8.28906 0.400884
8.29688 0.400455

6.83594 0.425225
6.84375 0.4252

6.84375 0.4252
6.85156 0.425175

6.85156 0.425176
6.85938 0.425152

6.85938 0.425151
6.86719 0.425127

6.86719 0.425127
6.875 0.425103

8.29688 0.400454
8.30469 0.400018

8.30469 0.400018
8.3125 0.399575

6.875 0.425103
6.88281 0.425079

6.88281 0.42508
6.89062 0.425056

6.89062 0.425055
6.89844 0.42503

6.89844 0.425031
6.90625 0.425005

6.90625 0.425005
6.91406 0.424977

6.91406 0.424978
6.92188 0.424946

6.92188 0.424946
6.92969 0.424911

8.3125 0.399574
8.32031 0.399124

8.32031 0.399124
8.32812 0.39867

6.92969 0.424912
6.9375 0.424873

6.9375 0.424872
6.94531 0.42483

8.33594 0.398213
8.33214 0.398438

8.32812 0.39867
8.33205 0.398438

6.94531 0.424831
6.95312 0.424787

6.95312 0.424786
6.96094 0.424743

6.96094 0.424743
6.96875 0.424701

6.96875 0.4247
6.97656 0.424661

6.97656 0.424662
6.98438 0.424625

6.98438 0.424624
6.99219 0.424589

6.99219 0.42459
7 0.424556

8.33594 0.398212
8.34375 0.397733

8.34375 0.397733
8.35156 0.397232

8.35156 0.397231
8.35938 0.39671

8.35938 0.396709
8.36719 0.396173

8.36719 0.396172
8.375 0.395623

8.375 0.395622
8.38281 0.395062

8.38281 0.395065
8.39062 0.39449

8.39062 0.394488
8.39844 0.393898

8.39844 0.393898
8.40625 0.393296

8.40625 0.393294
8.41406 0.392685

8.41406 0.392686
8.42188 0.39207

8.42188 0.392065
8.42969 0.391447

8.42969 0.39145
8.4375 0.390836

8.44531 0.390215
8.44022 0.390625

8.44531 0.390216
8.45312 0.389556

8.4375 0.39084
8.44017 0.390625

8.45312 0.389557
8.46094 0.388859

8.46094 0.388861
8.46875 0.388119

8.46875 0.388118
8.47656 0.387332

8.47656 0.387335
8.48438 0.3865

8.48438 0.386498
8.49219 0.385614

8.49219 0.385613
8.5 0.384688

