4.78054 0.03125
4.78051 0.0390625

4.78062 0
4.78062 0.0078125

4.78062 0.0078125
4.7806 0.015625

7.1875 0.248997
7.18595 0.25

7.1875 0.248881
7.19531 0.243459

4.78051 0.0390625
4.78047 0.046875

5.75 0.367603
5.75781 0.367599

4.7806 0.015625
4.78058 0.0234375

5.75781 0.3676
5.76562 0.367595

5.76562 0.367594
5.77344 0.367589

7.20312 0.237713
7.19704 0.242188

5.77344 0.36759
5.78125 0.367585

5.78125 0.367584
5.78906 0.367579

7.19531 0.243389
7.19699 0.242188

5.78906 0.36758
5.79688 0.367575

4.78058 0.0234375
4.78055 0.03125

4.78047 0.046875
4.78042 0.0546875

5.79688 0.367574
5.80469 0.367568

4.78043 0.0546875
4.78038 0.0625

4.78038 0.0625
4.78034 0.0703125

4.78034 0.0703125
4.78029 0.078125

7.21094 0.231742
7.2075 0.234375

7.21875 0.225362
7.21732 0.226562

5.80469 0.367569
5.8125 0.367564

7.21094 0.231651
7.21711 0.226562

4.78029 0.078125
4.78025 0.0859375

5.8125 0.367563
5.82031 0.367557

4.78025 0.0859375
4.78022 0.09375

7.20312 0.237643
7.20738 0.234375

4.78022 0.09375
4.7802 0.101562

4.7802 0.101562
4.78019 0.109375

4.78019 0.109375
4.78019 0.117188

4.78019 0.117188
4.78022 0.125

5.82031 0.367558
5.82812 0.367552

4.78022 0.125
4.78027 0.132812

7.22656 0.218609
7.2264 0.21875

4.78027 0.132812
4.78035 0.140625

5.82812 0.367551
5.83594 0.367545

4.78034 0.140625
4.78046 0.148438

7.22656 0.218434
7.23438 0.21116

4.78046 0.148438
4.78063 0.15625

4.78063 0.15625
4.78084 0.164062

7.24988 0.195312
7.24249 0.203125

4.78084 0.164062
4.7811 0.171875

4.7811 0.171875
4.78125 0.175444

7.24219 0.203391
7.23457 0.210938

4.78125 0.17539
4.78143 0.179688

4.78142 0.179688
4.78181 0.1875

7.23438 0.211127
7.23457 0.210938

4.78181 0.1875
4.78227 0.195312

4.78226 0.195312
4.78281 0.203125

4.7828 0.203125
4.78344 0.210938

4.78343 0.210938
4.78419 0.21875

5.83594 0.367546
5.84375 0.36754

4.78418 0.21875
4.78511 0.226562

7.24219 0.203418
7.24248 0.203125

4.78511 0.226562
4.78623 0.234375

4.78623 0.234375
4.78755 0.242188

7.21875 0.225217
7.22614 0.21875

4.78755 0.242188
4.78906 0.249999

7.04688 0.312267
7.04606 0.3125

7.04688 0.312222
7.05469 0.309889

5.84375 0.367539
5.85156 0.367533

5.85156 0.367534
5.85938 0.367528

7.05469 0.309892
7.0625 0.307438

7 0.32435
7.00781 0.322568

5.85938 0.367527
5.86719 0.36752

7.00781 0.322563
7.01562 0.320681

4.78901 0.25
4.78906 0.250219

7.02344 0.318709
7.0171 0.320312

7.01562 0.320678
7.01707 0.320312

7.02344 0.318707
7.03125 0.316627

7.03125 0.31662
7.03906 0.314453

5.86719 0.367521
5.875 0.367515

7.03906 0.314444
7.04584 0.3125

4.78906 0.250081
4.79079 0.257812

7.0625 0.307427
7.07031 0.304869

7.07812 0.302221
7.07086 0.304688

7.07031 0.304872
7.07086 0.304688

7.09375 0.296668
7.09319 0.296875

5.875 0.367514
5.88281 0.367507

7.07812 0.302222
7.08594 0.299462

4.79077 0.257812
4.79282 0.265625

7.08594 0.299453
7.09297 0.296875

7.09375 0.296611
7.10156 0.293609

7.10156 0.293609
7.10938 0.290437

7.11719 0.287113
7.11263 0.289062

5.88281 0.367508
5.89062 0.367501

7.10938 0.29041
7.11253 0.289062

4.79282 0.265625
4.79525 0.273438

7.11719 0.287092
7.125 0.2836

5.89062 0.3675
5.89844 0.367493

5.89844 0.367494
5.90625 0.367487

4.79521 0.273438
4.79688 0.277983

4.79688 0.277895
4.79811 0.28125

7.13281 0.280028
7.13019 0.28125

7.13281 0.279985
7.14062 0.276155

5.90625 0.367486
5.91406 0.367479

7.14844 0.272164
7.14598 0.273438

4.79807 0.28125
4.80146 0.289062

7.14062 0.276113
7.14579 0.273438

7.14844 0.27209
7.15625 0.267849

7.125 0.283566
7.12997 0.28125

7.16406 0.263476
7.16026 0.265625

5.91406 0.36748
5.92188 0.367473

7.16406 0.263447
7.17188 0.25883

4.80145 0.289062
4.80469 0.295422

7.15625 0.267802
7.1601 0.265625

5.92188 0.367472
5.92969 0.367464

7.17969 0.253982
7.17353 0.257812

4.80469 0.295368
4.80545 0.296875

7.17188 0.258804
7.17349 0.257812

7.17969 0.253942
7.1857 0.25

4.80538 0.296875
4.81004 0.304688

4.80992 0.304688
4.8125 0.308432

5.92969 0.367465
5.9375 0.367458

5.9375 0.367457
5.94531 0.367449

7.3125 0.0887602
7.31088 0.09375

5.94531 0.36745
5.95312 0.367442

7.31091 0.09375
7.30808 0.101562

7.30806 0.101562
7.30494 0.109375

4.8125 0.308104
4.8156 0.3125

7.30469 0.109957
7.30157 0.117188

7.30159 0.117188
7.29793 0.125

4.81544 0.3125
4.82031 0.31834

4.82031 0.318245
4.82215 0.320312

5.95312 0.367441
5.96094 0.367433

4.82205 0.320312
4.82812 0.326334

7.30469 0.109937
7.30493 0.109375

4.82812 0.326197
4.83034 0.328125

4.83015 0.328125
4.83594 0.332855

7.3267 0
7.32659 0.0078125

4.83594 0.332673
4.84073 0.335938

4.84036 0.335938
4.84375 0.33819

7.32658 0.0078125
7.32625 0.015625

4.84375 0.338043
4.85156 0.342469

4.85156 0.342374
4.85445 0.34375

7.32624 0.015625
7.32568 0.0234375

4.85431 0.34375
4.85938 0.346165

4.85938 0.346115
4.86719 0.349301

7.32568 0.0234375
7.32491 0.03125

5.96094 0.367434
5.96875 0.367426

5.96875 0.367425
5.97656 0.367417

4.86719 0.349267
4.87369 0.351562

5.97656 0.367418
5.98438 0.36741

7.32491 0.03125
7.32391 0.0390625

5.98438 0.367409
5.99219 0.3674

4.87359 0.351562
4.875 0.35206

5.99219 0.367401
6 0.367393

7.32391 0.0390625
7.3227 0.046875

7.32031 0.0593843
7.31967 0.0625

7.3227 0.046875
7.32128 0.0546875

7.32031 0.0593396
7.32128 0.0546875

6 0.367392
6.00781 0.367383

6.00781 0.367384
6.01562 0.367375

6.01562 0.367374
6.02344 0.367364

4.875 0.35203
4.88281 0.354423

7.31967 0.0625
7.31782 0.0703125

6.02344 0.367365
6.03125 0.367356

7.31783 0.0703125
7.31573 0.078125

7.31571 0.078125
7.31339 0.0859375

6.03125 0.367354
6.03906 0.367344

7.3125 0.088693
7.31339 0.0859375

4.88281 0.354424
4.89062 0.356452

7.28125 0.154761
7.28032 0.15625

7.25781 0.186366
7.25685 0.1875

7.26562 0.17666
7.2633 0.179688

7.25781 0.186227
7.26324 0.179688

6.03906 0.367346
6.04688 0.367335

6.04688 0.367334
6.05469 0.367323

6.05469 0.367324
6.0625 0.367313

4.89062 0.356456
4.89844 0.358109

6.0625 0.367312
6.07031 0.3673

7.27344 0.166164
7.26928 0.171875

6.07031 0.367302
6.07812 0.36729

4.89844 0.358078
4.90604 0.359375

6.07812 0.367288
6.08594 0.367276

7.28027 0.15625
7.27499 0.164062

6.08594 0.367277
6.09375 0.367264

4.90613 0.359375
4.90625 0.359396

4.90625 0.359387
4.91406 0.360508

7.27344 0.166149
7.27491 0.164062

7.26562 0.176565
7.26924 0.171875

6.09375 0.367262
6.10156 0.367249

6.10156 0.36725
6.10938 0.367236

6.10938 0.367234
6.11719 0.367219

4.91406 0.360516
4.92188 0.361459

7.29688 0.127079
7.29397 0.132812

4.92188 0.361445
4.92969 0.362221

4.92969 0.362215
4.9375 0.362864

7.29397 0.132812
7.28972 0.140625

4.9375 0.362853
4.94531 0.363405

4.94531 0.363403
4.95312 0.363887

4.95312 0.363882
4.96094 0.364312

4.96094 0.364312
4.96875 0.364697

6.11719 0.367221
6.125 0.367205

4.96875 0.364695
4.97656 0.365041

7.28906 0.141741
7.28514 0.148438

4.97656 0.365041
4.98438 0.365352

6.13281 0.367187
6.13245 0.367188

4.98438 0.365351
4.99219 0.365631

4.99219 0.365631
5 0.365883

6.125 0.367204
6.13198 0.367188

6.13281 0.367187
6.14062 0.367165

5 0.365883
5.00781 0.366109

5.00781 0.366109
5.01562 0.366313

5.01562 0.366313
5.02344 0.366496

5.02344 0.366495
5.03125 0.366659

6.14062 0.367164
6.14844 0.367137

5.03125 0.366659
5.03906 0.366805

7.28125 0.154603
7.28512 0.148438

5.03906 0.366804
5.04688 0.366934

6.14844 0.367137
6.15625 0.367105

6.15625 0.367104
6.16406 0.367069

7.28906 0.141722
7.2897 0.140625

6.16406 0.367069
6.17188 0.36703

5.04688 0.366933
5.05469 0.367049

6.17188 0.367029
6.17969 0.366987

7.29688 0.127037
7.29791 0.125

6.17969 0.366987
6.1875 0.366943

7.25 0.195124
7.25675 0.1875

5.05469 0.367048
5.0625 0.367152

5.0625 0.367152
5.06555 0.367188

6.1875 0.366943
6.19531 0.366896

6.19531 0.366896
6.20312 0.366847

6.20312 0.366847
6.21094 0.366797

6.21094 0.366797
6.21875 0.366745

6.21875 0.366745
6.22656 0.366692

6.22656 0.366691
6.23438 0.366637

6.23438 0.366637
6.24219 0.366581

6.24219 0.366581
6.25 0.366524

5.06553 0.367188
5.07031 0.367243

5.07031 0.367244
5.07812 0.36732

6.25 0.366524
6.25781 0.366466

6.25781 0.366466
6.26562 0.366406

6.26562 0.366407
6.27344 0.366346

6.27344 0.366346
6.28125 0.366283

6.28125 0.366284
6.28906 0.36622

6.28906 0.36622
6.29688 0.366155

6.29688 0.366155
6.30469 0.366089

6.30469 0.366089
6.3125 0.366021

6.3125 0.366021
6.32031 0.365952

6.32031 0.365952
6.32812 0.365881

6.32812 0.365881
6.33594 0.365808

6.33594 0.365809
6.34375 0.365734

6.34375 0.365734
6.35156 0.365658

6.35156 0.365658
6.35938 0.36558

6.35938 0.36558
6.36719 0.3655

6.36719 0.3655
6.375 0.365418

5.07812 0.367319
5.08594 0.367381

5.08594 0.367382
5.09375 0.367434

6.375 0.365418
6.38281 0.365334

6.38281 0.365334
6.39062 0.365248

6.39062 0.365247
6.39844 0.365159

6.39844 0.365159
6.40625 0.365068

6.40625 0.365068
6.41406 0.364974

6.41406 0.364974
6.42188 0.364878

6.42188 0.364878
6.42969 0.364778

6.42969 0.364779
6.4375 0.364677

6.4375 0.364676
6.44531 0.364571

6.44531 0.364572
6.45312 0.364464

6.45312 0.364463
6.46094 0.364352

6.46094 0.364353
6.46875 0.364238

6.46875 0.364237
6.47656 0.364119

6.47656 0.36412
6.48438 0.363999

6.48438 0.363998
6.49219 0.363873

6.49219 0.363874
6.5 0.363746

5.09375 0.367432
5.10156 0.367474

5.10156 0.367474
5.10938 0.367509

6.5 0.363745
6.50781 0.363613

6.50781 0.363614
6.51562 0.363479

6.51562 0.363478
6.52344 0.363338

5.10938 0.367507
5.11719 0.367535

5.11719 0.367536
5.125 0.367559

6.52344 0.36334
6.53125 0.363196

6.53125 0.363194
6.53906 0.363046

6.53906 0.363048
6.54688 0.362894

6.54688 0.362893
6.55469 0.362733

6.55469 0.362735
6.5625 0.362569

6.5625 0.362568
6.57031 0.362394

6.57031 0.362396
6.57812 0.362214

6.57812 0.362213
6.58594 0.362022

6.58594 0.362024
6.59375 0.361823

6.59375 0.361821
6.60156 0.361609

6.60156 0.361611
6.60938 0.361387

6.60938 0.361385
6.61719 0.361149

6.61719 0.361152
6.625 0.360902

6.625 0.360899
6.63281 0.360637

6.63281 0.36064
6.64062 0.360365

6.64062 0.360361
6.64844 0.360079

6.64844 0.360084
6.65625 0.35979

6.67188 0.359159
6.66665 0.359375

5.125 0.367558
5.13281 0.367578

5.13281 0.367579
5.14062 0.367595

6.65625 0.359787
6.66406 0.359479

6.66406 0.359482
6.66665 0.359375

6.67188 0.359151
6.67969 0.358822

6.67969 0.358827
6.6875 0.358496

6.6875 0.358499
6.69531 0.358151

6.69531 0.358154
6.70312 0.357777

6.70312 0.357774
6.71094 0.357369

6.71094 0.357371
6.71875 0.356941

6.71875 0.356937
6.72656 0.356486

6.72656 0.356487
6.73438 0.356023

6.73438 0.356021
6.74219 0.355543

6.74219 0.355545
6.75 0.355052

5.14062 0.367594
5.14844 0.367609

5.14844 0.367609
5.15625 0.367622

6.75 0.355051
6.75781 0.354541

6.75781 0.354542
6.76562 0.354014

6.76562 0.354014
6.77344 0.353467

6.77344 0.353469
6.78125 0.352901

6.78125 0.3529
6.78906 0.35231

6.78906 0.352309
6.79688 0.351703

6.80469 0.351079
6.79868 0.351562

6.79688 0.351705
6.79865 0.351562

6.80469 0.351079
6.8125 0.350418

6.8125 0.350418
6.82031 0.349726

6.82031 0.349725
6.82812 0.349003

6.82812 0.349001
6.83594 0.348253

6.83594 0.348255
6.84375 0.347481

6.84375 0.34748
6.85156 0.346678

6.85156 0.346681
6.85938 0.345848

6.85938 0.345842
6.86719 0.344985

6.86719 0.344986
6.875 0.344114

6.88281 0.343229
6.87825 0.34375

5.15625 0.367621
5.16406 0.367632

5.16406 0.367633
5.17188 0.367643

6.88281 0.343227
6.89062 0.342302

6.89062 0.342303
6.89844 0.341338

6.89844 0.341339
6.90625 0.340329

6.875 0.344113
6.87817 0.34375

6.90625 0.340329
6.91406 0.339272

6.91406 0.339274
6.92188 0.338168

6.92188 0.338166
6.92969 0.337008

6.9375 0.335822
6.93675 0.335938

6.92969 0.337003
6.93662 0.335938

6.9375 0.335807
6.94531 0.334561

6.94531 0.33456
6.95312 0.333262

6.95312 0.333262
6.96094 0.331913

6.96094 0.331916
6.96875 0.330514

6.98438 0.3276
6.98162 0.328125

5.17188 0.367642
5.17969 0.36765

5.17969 0.367651
5.1875 0.367659

6.96875 0.330507
6.97656 0.329061

6.97656 0.329056
6.98144 0.328125

6.98438 0.327588
6.99219 0.326019

6.99219 0.32602
7 0.324348

5.1875 0.367658
5.19531 0.367665

5.19531 0.367666
5.20312 0.367672

5.20312 0.367671
5.21094 0.367676

5.21094 0.367677
5.21875 0.367682

5.21875 0.367681
5.22656 0.367685

5.22656 0.367686
5.23438 0.36769

5.23438 0.367689
5.24219 0.367692

5.24219 0.367693
5.25 0.367696

5.25 0.367695
5.25781 0.367698

5.25781 0.367699
5.26562 0.367701

5.26562 0.3677
5.27344 0.367702

5.27344 0.367703
5.28125 0.367705

5.28125 0.367704
5.28906 0.367705

5.28906 0.367706
5.29688 0.367707

5.29688 0.367706
5.30469 0.367707

5.30469 0.367708
5.3125 0.367709

5.3125 0.367708
5.32031 0.367709

5.32031 0.36771
5.32812 0.36771

5.32812 0.367709
5.33594 0.367709

5.33594 0.36771
5.34375 0.36771

5.34375 0.36771
5.35156 0.36771

5.35156 0.36771
5.35938 0.36771

5.35938 0.367709
5.36719 0.367709

5.36719 0.36771
5.375 0.36771

5.375 0.367709
5.38281 0.367708

5.38281 0.367709
5.39062 0.367709

5.39062 0.367708
5.39844 0.367707

5.39844 0.367708
5.40625 0.367707

5.40625 0.367707
5.41406 0.367706

5.41406 0.367707
5.42188 0.367706

5.42188 0.367705
5.42969 0.367704

5.42969 0.367705
5.4375 0.367704

5.4375 0.367703
5.44531 0.367702

5.44531 0.367703
5.45312 0.367701

5.45312 0.3677
5.46094 0.367699

5.46094 0.3677
5.46875 0.367699

5.46875 0.367698
5.47656 0.367697

5.47656 0.367697
5.48438 0.367696

5.48438 0.367695
5.49219 0.367694

5.49219 0.367694
5.5 0.367693

5.5 0.367692
5.50781 0.36769

5.50781 0.367691
5.51562 0.36769

5.51562 0.367689
5.52344 0.367687

5.52344 0.367688
5.53125 0.367686

5.53125 0.367685
5.53906 0.367683

5.53906 0.367684
5.54688 0.367682

5.54688 0.367681
5.55469 0.367679

5.55469 0.36768
5.5625 0.367678

5.5625 0.367677
5.57031 0.367675

5.57031 0.367676
5.57812 0.367674

5.57812 0.367673
5.58594 0.367671

5.58594 0.367672
5.59375 0.36767

5.59375 0.367669
5.60156 0.367666

5.60156 0.367667
5.60938 0.367665

5.60938 0.367664
5.61719 0.367661

5.61719 0.367662
5.625 0.36766

5.625 0.367659
5.63281 0.367656

5.63281 0.367657
5.64062 0.367654

5.64062 0.367653
5.64844 0.36765

5.64844 0.367651
5.65625 0.367648

5.65625 0.367648
5.66406 0.367644

5.66406 0.367645
5.67188 0.367642

5.67188 0.367641
5.67969 0.367638

5.67969 0.367639
5.6875 0.367636

5.6875 0.367635
5.69531 0.367631

5.69531 0.367632
5.70312 0.367628

5.70312 0.367628
5.71094 0.367624

5.71094 0.367625
5.71875 0.367621

5.71875 0.36762
5.72656 0.367616

5.72656 0.367617
5.73438 0.367613

5.73438 0.367612
5.74219 0.367608

5.74219 0.367609
5.75 0.367604

