7.125 0.363192
7.13281 0.362756

7.13281 0.362758
7.14062 0.362305

7.14062 0.362304
7.14844 0.361834

7.14844 0.361836
7.15625 0.361347

7.15625 0.361343
7.16406 0.360837

7.16406 0.360841
7.17188 0.360318

5.125 0.147414
5.12497 0.148438

5.12497 0.148438
5.12472 0.15625

5.12472 0.15625
5.12449 0.164062

5.12449 0.164062
5.12426 0.171875

5.12426 0.171875
5.12406 0.179688

5.12406 0.179688
5.12388 0.1875

5.12388 0.1875
5.12373 0.195312

7.1875 0.359216
7.1853 0.359375

5.12373 0.195312
5.12362 0.203125

5.75 0.376503
5.75781 0.376497

5.75781 0.376499
5.76562 0.376493

5.12361 0.203125
5.12355 0.210938

5.76562 0.37649
5.77344 0.376484

7.17188 0.360316
7.17969 0.359773

5.77344 0.376486
5.78125 0.37648

5.78125 0.376477
5.78906 0.376471

7.17969 0.359774
7.1852 0.359375

5.78906 0.376473
5.79688 0.376466

5.12355 0.210938
5.12354 0.21875

5.79688 0.376464
5.80469 0.376457

5.80469 0.376459
5.8125 0.376452

5.12354 0.21875
5.12359 0.226562

5.8125 0.37645
5.82031 0.376443

7.1875 0.35921
7.19531 0.35862

5.82031 0.376445
5.82812 0.376438

5.82812 0.376436
5.83594 0.376428

7.19531 0.358622
7.20312 0.358004

7.20312 0.358001
7.21094 0.357356

7.21094 0.357359
7.21875 0.356691

5.12359 0.226562
5.12373 0.234375

7.21875 0.356693
7.22656 0.355992

5.83594 0.376431
5.84375 0.376423

7.22656 0.355995
7.23438 0.355252

5.12372 0.234375
5.12395 0.242188

7.23438 0.355251
7.24219 0.354459

5.84375 0.376421
5.85156 0.376413

7.24219 0.35446
7.25 0.353618

5.12394 0.242188
5.1243 0.25

5.1279 0
5.12789 0.0078125

5.12789 0.0078125
5.12786 0.015625

7.25 0.353616
7.25781 0.352728

7.25781 0.352724
7.26562 0.351802

7.27344 0.350851
7.26762 0.351562

7.26562 0.351802
7.26758 0.351562

7.27344 0.350849
7.28125 0.349851

5.12786 0.015625
5.12781 0.0234375

7.28125 0.349851
7.28906 0.348813

5.85156 0.376416
5.85938 0.376408

7.28906 0.348813
7.29688 0.347737

5.12781 0.0234375
5.12774 0.03125

7.29688 0.347734
7.30469 0.346624

5.85938 0.376406
5.86719 0.376398

7.30469 0.346625
7.3125 0.345486

5.12774 0.03125
5.12766 0.0390625

7.32812 0.343169
7.32425 0.34375

5.86719 0.3764
5.875 0.376393

7.32812 0.343165
7.33594 0.341951

5.875 0.37639
5.88281 0.376382

5.88281 0.376385
5.89062 0.376377

7.33594 0.341952
7.34375 0.340682

7.3125 0.345478
7.32031 0.344323

7.32031 0.34432
7.32411 0.34375

5.12766 0.0390625
5.12755 0.046875

7.34375 0.340682
7.35156 0.339353

5.89062 0.376374
5.89844 0.376366

7.35156 0.339354
7.35938 0.337962

5.12755 0.046875
5.12743 0.0546875

7.35938 0.337958
7.36719 0.336512

5.89844 0.376369
5.90625 0.37636

7.375 0.335024
7.37022 0.335938

5.12743 0.0546875
5.12729 0.0625

7.36719 0.336503
7.37014 0.335938

5.90625 0.376358
5.91406 0.37635

5.91406 0.376352
5.92188 0.376343

5.12729 0.0625
5.12714 0.0703125

5.12714 0.0703125
5.12697 0.078125

7.375 0.335021
7.38281 0.333473

5.12697 0.078125
5.12678 0.0859375

5.12678 0.0859375
5.12659 0.09375

7.38281 0.333478
7.39062 0.33186

5.12659 0.09375
5.12638 0.101562

5.12638 0.101562
5.12616 0.109375

7.39062 0.331857
7.39844 0.330166

5.12616 0.109375
5.12593 0.117188

5.92188 0.376341
5.92969 0.376333

5.12593 0.117188
5.1257 0.125

5.1257 0.125
5.12546 0.132812

5.92969 0.376335
5.9375 0.376326

5.12546 0.132812
5.12521 0.140625

7.39844 0.330159
7.40625 0.328414

7.41406 0.326617
7.40756 0.328125

5.9375 0.376324
5.94531 0.376315

5.125 0.147396
5.12521 0.140625

5.94531 0.376317
5.95312 0.376309

7.41406 0.326618
7.42188 0.324703

7.40625 0.328421
7.40753 0.328125

7.42188 0.324704
7.42969 0.322676

5.95312 0.376306
5.96094 0.376297

5.12429 0.25
5.1248 0.257812

7.42969 0.32267
7.4375 0.320539

7.46875 0.310985
7.46408 0.3125

5.96094 0.3763
5.96875 0.37629

7.46875 0.31098
7.47656 0.308313

5.12479 0.257812
5.125 0.260229

7.47656 0.308306
7.48438 0.305495

7.49219 0.302564
7.48654 0.304688

7.48438 0.305474
7.48647 0.304688

7.49219 0.302555
7.5 0.299497

7.44531 0.318309
7.43832 0.320312

7.4375 0.320545
7.43831 0.320312

5.96875 0.376288
5.97656 0.376279

5.125 0.260137
5.12547 0.265625

7.44531 0.318309
7.45312 0.315953

7.45312 0.31594
7.46094 0.313493

7.46094 0.313477
7.46395 0.3125

5.12546 0.265625
5.12631 0.273438

5.12628 0.273438
5.12738 0.28125

5.97656 0.376281
5.98438 0.376272

5.98438 0.376269
5.99219 0.37626

7.59375 0.249482
7.593 0.25

7.59375 0.249322
7.60156 0.243606

7.60938 0.237552
7.60339 0.242188

7.60156 0.243537
7.60335 0.242188

7.61719 0.231236
7.61331 0.234375

5.99219 0.376262
6 0.376253

5.12735 0.28125
5.1288 0.289062

5.1288 0.289062
5.13062 0.296875

5.13061 0.296875
5.13281 0.30467

6 0.37625
6.00781 0.37624

7.625 0.224457
7.62261 0.226562

6.00781 0.376243
6.01562 0.376233

6.01562 0.376231
6.02344 0.376221

7.61719 0.231112
7.62247 0.226562

6.02344 0.376223
6.03125 0.376213

5.13266 0.304688
5.13281 0.305141

6.03125 0.376211
6.03906 0.3762

6.03906 0.376203
6.04688 0.376192

6.04688 0.37619
6.05469 0.376179

6.05469 0.376182
6.0625 0.376171

7.60938 0.237457
7.61324 0.234375

7.72758 0
7.72747 0.0078125

7.72747 0.0078125
7.72715 0.015625

7.72656 0.0241678
7.72591 0.03125

7.72715 0.015625
7.72663 0.0234375

7.72656 0.024125
7.72663 0.0234375

5.13281 0.304808
5.13547 0.3125

6.0625 0.376169
6.07031 0.376158

5.13541 0.3125
5.13884 0.320312

5.13868 0.320312
5.14062 0.323862

7.72591 0.03125
7.72499 0.0390625

7.72499 0.0390625
7.72385 0.046875

7.72385 0.046875
7.72249 0.0546875

7.72249 0.0546875
7.72093 0.0625

7.71875 0.0720859
7.71722 0.078125

7.71723 0.078125
7.71497 0.0859375

7.71495 0.0859375
7.71242 0.09375

7.70312 0.117983
7.69997 0.125

7.71094 0.0979928
7.70969 0.101562

5.14062 0.323345
5.14324 0.328125

6.07031 0.376161
6.07812 0.37615

7.7097 0.101562
7.70671 0.109375

7.71094 0.0979176
7.7124 0.09375

5.143 0.328125
5.14834 0.335938

7.7067 0.109375
7.70346 0.117188

6.07812 0.376147
6.08594 0.376136

7.70312 0.117938
7.70346 0.117188

5.14783 0.335938
5.14844 0.336729

7.72094 0.0625
7.71918 0.0703125

6.08594 0.376139
6.09375 0.376128

7.71875 0.0720525
7.71919 0.0703125

7.6875 0.148473
7.68278 0.15625

6.09375 0.376125
6.10156 0.376114

6.10156 0.376116
6.10938 0.376105

5.14844 0.335818
5.14852 0.335938

5.14844 0.335998
5.15498 0.34375

7.66406 0.182786
7.66032 0.1875

7.67188 0.172495
7.66654 0.179688

7.66406 0.182759
7.66644 0.179688

6.10938 0.376102
6.11719 0.376091

5.15446 0.34375
5.15625 0.345637

7.67969 0.161042
7.67772 0.164062

5.15625 0.345214
5.16321 0.351562

5.16285 0.351562
5.16406 0.352537

7.67769 0.164062
7.6723 0.171875

5.16406 0.352275
5.17188 0.357669

6.11719 0.376093
6.125 0.376081

5.17188 0.357478
5.1755 0.359375

5.17524 0.359375
5.17969 0.361707

7.67969 0.160925
7.68272 0.15625

7.67188 0.172463
7.6723 0.171875

7.63281 0.217259
7.63123 0.21875

6.125 0.376079
6.13281 0.376067

5.17969 0.361587
5.1875 0.364725

7.64062 0.20954
7.63925 0.210938

7.63281 0.217131
7.63916 0.210938

6.13281 0.37607
6.14062 0.376057

7.64844 0.201272
7.64673 0.203125

5.1875 0.364639
5.19531 0.367112

7.65625 0.192392
7.65378 0.195312

6.14062 0.376055
6.14844 0.376043

7.64844 0.201181
7.65369 0.195312

5.19522 0.367188
5.19531 0.367216

7.64062 0.209404
7.6466 0.203125

6.14844 0.376045
6.15625 0.376033

7.625 0.224306
7.63106 0.21875

5.19531 0.367113
5.1956 0.367188

7.65625 0.192286
7.66023 0.1875

6.15625 0.37603
6.16406 0.376018

7.69531 0.134319
7.69194 0.140625

5.19567 0.367188
5.20312 0.369109

7.69998 0.125
7.69613 0.132812

6.16406 0.37602
6.17188 0.376008

7.69531 0.134302
7.69611 0.132812

5.20312 0.369115
5.21094 0.370695

7.6875 0.148414
7.69193 0.140625

6.17188 0.376005
6.17969 0.375992

7.50781 0.296411
7.50667 0.296875

5.21094 0.370669
5.21875 0.371855

7.50781 0.29635
7.51562 0.293048

6.17969 0.375995
6.1875 0.375982

7.5 0.299474
7.50642 0.296875

5.21875 0.371822
5.22656 0.372732

7.51562 0.293047
7.52344 0.289564

6.1875 0.375979
6.19531 0.375966

7.53125 0.2859
7.52452 0.289062

5.22656 0.372721
5.23438 0.373446

7.52344 0.289556
7.52449 0.289062

6.19531 0.375969
6.20312 0.375955

6.20312 0.375953
6.21094 0.375939

5.23438 0.373428
5.24219 0.374029

5.24219 0.374029
5.25 0.374543

7.54688 0.27804
7.54065 0.28125

7.54688 0.278031
7.55469 0.273782

7.5625 0.269324
7.55529 0.273438

7.55469 0.273772
7.55528 0.273438

7.53125 0.285888
7.53906 0.282045

5.25 0.374546
5.25781 0.374968

6.21094 0.375942
6.21875 0.375928

5.25781 0.374972
5.25848 0.375

5.25775 0.375
5.25781 0.375003

6.21875 0.375925
6.22656 0.375911

5.25863 0.375
5.26562 0.375293

5.26562 0.375286
5.27344 0.375537

6.22656 0.375914
6.23438 0.3759

6.23438 0.375897
6.24219 0.375883

7.53906 0.282039
7.54059 0.28125

6.24219 0.375886
6.25 0.375871

5.27344 0.375538
5.28125 0.375723

5.28125 0.375713
5.28906 0.375849

5.28906 0.375851
5.29688 0.375956

6.25 0.375868
6.25781 0.375854

5.29688 0.37595
5.30469 0.376034

5.30469 0.376036
5.3125 0.376105

6.25781 0.375856
6.26562 0.375842

6.26562 0.375839
6.27344 0.375824

7.57031 0.264802
7.56893 0.265625

6.27344 0.375827
6.28125 0.375812

5.3125 0.376101
5.32031 0.37616

7.57031 0.264704
7.57812 0.25984

5.32031 0.376162
5.32812 0.376213

6.28125 0.375809
6.28906 0.375794

5.32812 0.37621
5.33594 0.376255

7.5625 0.269283
7.56866 0.265625

5.33594 0.376257
5.34375 0.376297

6.28906 0.375797
6.29688 0.375782

5.34375 0.376295
5.35156 0.37633

5.35156 0.376333
5.35938 0.376365

5.35938 0.376363
5.36719 0.376392

5.36719 0.376394
5.375 0.37642

7.58594 0.254723
7.58124 0.257812

7.57812 0.259795
7.58115 0.257812

7.58594 0.254677
7.5927 0.25

6.29688 0.375779
6.30469 0.375764

6.30469 0.375766
6.3125 0.375751

6.3125 0.375748
6.32031 0.375733

5.375 0.376418
5.38281 0.376441

5.38281 0.376444
5.39062 0.376465

5.39062 0.376463
5.39844 0.376482

5.39844 0.376484
5.40625 0.376502

5.40625 0.376499
5.41406 0.376515

5.41406 0.376517
5.42188 0.376531

5.42188 0.376529
5.42969 0.376541

5.42969 0.376543
5.4375 0.376554

6.32031 0.375736
6.32812 0.37572

6.32812 0.375717
6.33594 0.375702

6.33594 0.375705
6.34375 0.375689

6.34375 0.375687
6.35156 0.375671

5.4375 0.376552
5.44531 0.376562

5.44531 0.376564
5.45312 0.376573

5.45312 0.37657
5.46094 0.376578

5.46094 0.37658
5.46875 0.376587

6.35156 0.375674
6.35938 0.375658

6.35938 0.375656
6.36719 0.375641

6.36719 0.375643
6.375 0.375628

6.375 0.375625
6.38281 0.37561

5.46875 0.376584
5.47656 0.37659

5.47656 0.376592
5.48438 0.376597

5.48438 0.376595
5.49219 0.376599

5.49219 0.376601
5.5 0.376604

6.38281 0.375613
6.39062 0.375598

5.5 0.376602
5.50781 0.376604

5.50781 0.376607
5.51562 0.376608

6.39062 0.375595
6.39844 0.375581

6.39844 0.375583
6.40625 0.375569

5.51562 0.376606
5.52344 0.376607

5.52344 0.37661
5.53125 0.37661

6.40625 0.375566
6.41406 0.375552

6.41406 0.375555
6.42188 0.375541

5.53125 0.376608
5.53906 0.376608

5.53906 0.376611
5.54688 0.37661

6.42188 0.375538
6.42969 0.375524

6.42969 0.375527
6.4375 0.375513

6.4375 0.375511
6.44531 0.375497

6.44531 0.3755
6.45312 0.375487

5.54688 0.376608
5.55469 0.376607

5.55469 0.37661
5.5625 0.376609

6.45312 0.375485
6.46094 0.375472

6.46094 0.375475
6.46875 0.375462

6.46875 0.375459
6.47656 0.375447

6.47656 0.37545
6.48438 0.375438

5.5625 0.376606
5.57031 0.376605

5.57031 0.376607
5.57812 0.376605

5.57812 0.376603
5.58594 0.376601

5.58594 0.376603
5.59375 0.3766

5.59375 0.376598
5.60156 0.376595

5.60156 0.376598
5.60938 0.376595

6.48438 0.375435
6.49219 0.375423

6.49219 0.375426
6.5 0.375413

5.60938 0.376592
5.61719 0.376589

6.61719 0.374946
6.61163 0.375

6.61719 0.374954
6.625 0.374875

5.61719 0.376591
5.625 0.376588

5.625 0.376585
5.63281 0.376582

6.5 0.37541
6.50781 0.375397

6.50781 0.3754
6.51562 0.375386

6.51562 0.375384
6.52344 0.375368

6.52344 0.375371
6.53125 0.375355

6.53125 0.375352
6.53906 0.375333

6.53906 0.375336
6.54688 0.375316

6.54688 0.375313
6.55469 0.37529

6.55469 0.375293
6.5625 0.375268

5.63281 0.376584
5.64062 0.37658

5.64062 0.376577
5.64844 0.376573

5.64844 0.376575
5.65625 0.376571

5.65625 0.376569
5.66406 0.376564

6.5625 0.375265
6.57031 0.375237

6.57031 0.37524
6.57812 0.375209

6.57812 0.375206
6.58594 0.375173

6.58594 0.375176
6.59375 0.37514

5.66406 0.376566
5.67188 0.376562

5.67188 0.376559
5.67969 0.376554

5.67969 0.376557
5.6875 0.376552

5.6875 0.376549
5.69531 0.376544

5.69531 0.376546
5.70312 0.376541

5.70312 0.376538
5.71094 0.376533

6.59375 0.375141
6.60156 0.375095

6.60156 0.3751
6.60938 0.375033

5.71094 0.376535
5.71875 0.37653

5.71875 0.376527
5.72656 0.376521

5.72656 0.376524
5.73438 0.376518

5.73438 0.376515
5.74219 0.376509

6.60938 0.375021
6.61146 0.375

6.625 0.374871
6.63281 0.37478

5.74219 0.376512
5.75 0.376505

6.63281 0.374784
6.64062 0.374684

6.64062 0.374679
6.64844 0.374572

6.64844 0.374575
6.65625 0.374464

6.65625 0.37446
6.66406 0.374347

6.66406 0.37435
6.67188 0.374236

6.67188 0.374233
6.67969 0.37412

6.67969 0.374122
6.6875 0.374011

6.6875 0.374008
6.69531 0.373898

6.69531 0.373901
6.70312 0.373794

6.70312 0.373791
6.71094 0.373687

6.71094 0.373689
6.71875 0.373586

6.71875 0.373584
6.72656 0.373484

6.72656 0.373486
6.73438 0.373387

6.73438 0.373385
6.74219 0.373288

6.74219 0.37329
6.75 0.373193

6.75 0.373191
6.75781 0.373095

6.75781 0.373097
6.76562 0.373001

6.76562 0.372999
6.77344 0.372903

6.77344 0.372905
6.78125 0.372808

6.78125 0.372806
6.78906 0.372708

6.78906 0.37271
6.79688 0.372611

6.79688 0.372609
6.80469 0.372508

6.80469 0.37251
6.8125 0.372407

6.8125 0.372406
6.82031 0.3723

6.82031 0.372302
6.82812 0.372195

6.82812 0.372193
6.83594 0.372083

6.83594 0.372085
6.84375 0.371972

6.84375 0.37197
6.85156 0.371855

6.85156 0.371856
6.85938 0.371737

6.85938 0.371736
6.86719 0.371614

6.86719 0.371615
6.875 0.37149

6.875 0.371488
6.88281 0.37136

6.88281 0.371361
6.89062 0.371229

6.89062 0.371228
6.89844 0.371093

6.89844 0.371094
6.90625 0.370954

6.90625 0.370953
6.91406 0.370807

6.91406 0.370808
6.92188 0.370658

6.92188 0.370657
6.92969 0.370501

6.92969 0.370502
6.9375 0.37034

6.9375 0.37034
6.94531 0.370172

6.94531 0.370173
6.95312 0.369999

6.95312 0.369998
6.96094 0.369816

6.96094 0.369817
6.96875 0.369627

6.96875 0.369627
6.97656 0.369427

6.97656 0.369428
6.98438 0.369219

6.98438 0.369219
6.99219 0.368999

6.99219 0.369
7 0.368768

7 0.368768
7.00781 0.368523

7.00781 0.368524
7.01562 0.368266

7.01562 0.368265
7.02344 0.367992

7.02344 0.367993
7.03125 0.367703

7.03125 0.367703
7.03906 0.367396

7.04688 0.367073
7.04415 0.367188

7.03906 0.367398
7.04408 0.367188

7.04688 0.36707
7.05469 0.366721

7.05469 0.366719
7.0625 0.366356

7.0625 0.366356
7.07031 0.365984

7.07031 0.365983
7.07812 0.365603

7.07812 0.365603
7.08594 0.365217

7.08594 0.365218
7.09375 0.364826

7.09375 0.364826
7.10156 0.364429

7.10156 0.36443
7.10938 0.364026

7.10938 0.364025
7.11719 0.363614

7.11719 0.363616
7.125 0.363194

